Product_ID	CurrencyKey	UnitCost	SCD_EffectiveDate
0101010101001           	23	41.898	2012-01-01
0101010101002           	23	41.898	2012-01-01
0101010101003           	23	46.8346	2012-01-01
0101010101004           	23	69.619	2012-01-01
0101010101005           	23	69.619	2012-01-01
0101010101006           	23	69.619	2012-01-01
0101010101007           	23	69.619	2012-01-01
0101010101008           	23	193.5408	2012-01-01
0101010101009           	23	193.5408	2012-01-01
0101010101010           	23	193.5408	2012-01-01
0101010101011           	23	193.5408	2012-01-01
0101010101012           	23	226.0719	2012-01-01
0101010101013           	23	226.0719	2012-01-01
0101010101014           	23	226.0719	2012-01-01
0101010101015           	23	226.0719	2012-01-01
0101010101037           	23	627.4571	2012-01-01
0101010101038           	23	627.4571	2012-01-01
0101010101039           	23	627.4571	2012-01-01
0101010101040           	23	627.4571	2012-01-01
0101040104001           	23	483.8521	2012-01-01
0101040104002           	23	483.8521	2012-01-01
0101040104003           	23	483.8521	2012-01-01
0101040104004           	23	581.9516	2012-01-01
0101040104005           	23	581.9516	2012-01-01
0101040104006           	23	581.9516	2012-01-01
0101040104007           	23	581.9516	2012-01-01
0101060106001           	23	82.9099	2012-01-01
0101060106002           	23	82.9099	2012-01-01
0101060106003           	23	82.9099	2012-01-01
0101060106004           	23	82.9099	2012-01-01
0101060106005           	23	139.5545	2012-01-01
0101060106006           	23	139.5545	2012-01-01
0101060106007           	23	139.5545	2012-01-01
0101060106008           	23	139.5545	2012-01-01
0101060106010           	23	110.4411	2012-01-01
0101060106011           	23	110.4411	2012-01-01
0101060106012           	23	110.4411	2012-01-01
0101060106013           	23	118.0358	2012-01-01
0101060106014           	23	118.0358	2012-01-01
0101060106015           	23	118.0358	2012-01-01
0101060106016           	23	118.0358	2012-01-01
0101060106017           	23	118.0358	2012-01-01
0101060106028           	23	217.4644	2012-01-01
0101060106029           	23	217.4644	2012-01-01
0101060106030           	23	217.4644	2012-01-01
0101060106031           	23	217.4644	2012-01-01
0101060106032           	23	217.4644	2012-01-01
0202010201001           	23	548.5344	2012-01-01
0202010201002           	23	548.5344	2012-01-01
0202010201003           	23	548.5344	2012-01-01
0202010201004           	23	387.1449	2012-01-01
0202010201005           	23	387.1449	2012-01-01
0202010201006           	23	387.1449	2012-01-01
0202010201007           	23	814.922	2012-01-01
0202010201008           	23	814.922	2012-01-01
0202010201009           	23	814.922	2012-01-01
0202010201010           	23	462.7132	2012-01-01
0202010201011           	23	462.7132	2012-01-01
0202010201012           	23	462.7132	2012-01-01
0202010201013           	23	462.7132	2012-01-01
0202010201014           	23	645.3681	2012-01-01
0202010201015           	23	645.3681	2012-01-01
0202010201016           	23	645.3681	2012-01-01
0202010201017           	23	645.3681	2012-01-01
0202010201018           	23	1018.526	2012-01-01
0202010201019           	23	1018.526	2012-01-01
0202010201020           	23	1018.526	2012-01-01
0202010201021           	23	1018.526	2012-01-01
0202010201038           	23	1367.8235	2012-01-01
0202010201039           	23	1367.8235	2012-01-01
0202010201040           	23	1367.8235	2012-01-01
0202010201041           	23	1367.8235	2012-01-01
0202010201050           	23	2463.6265	2012-01-01
0202020202002           	23	222.6542	2012-01-01
0202020202003           	23	375.4363	2012-01-01
0202020202004           	23	346.3229	2012-01-01
0202020202005           	23	317.2728	2012-01-01
0202020202008           	23	290.0581	2012-01-01
0202020202011           	23	369.3604	2012-01-01
0202020202012           	23	183.6043	2012-01-01
0202020202013           	23	212.9709	2012-01-01
0202020202015           	23	222.6542	2012-01-01
0202020202016           	23	375.4363	2012-01-01
0202020202017           	23	346.3229	2012-01-01
0202020202018           	23	317.2728	2012-01-01
0202020202021           	23	290.0581	2012-01-01
0202020202024           	23	369.3604	2012-01-01
0202020202025           	23	183.6043	2012-01-01
0202020202026           	23	212.9709	2012-01-01
0202030203002           	23	2034.3938	2012-01-01
0202030203003           	23	964.7928	2012-01-01
0202030203005           	23	870.8704	2012-01-01
0202030203006           	23	967.7041	2012-01-01
0202030203011           	23	2005.3437	2012-01-01
0202030203015           	23	1656.0461	2012-01-01
0202030203016           	23	1685.1595	2012-01-01
0202030203018           	23	2034.3938	2012-01-01
0202030203019           	23	964.7928	2012-01-01
0202030203021           	23	870.8704	2012-01-01
0202030203022           	23	967.7041	2012-01-01
0202030203027           	23	2005.3437	2012-01-01
0202030203031           	23	1656.0461	2012-01-01
0202030203032           	23	1685.1595	2012-01-01
0202030203034           	23	2034.3938	2012-01-01
0202030203035           	23	964.7928	2012-01-01
0202030203037           	23	870.8704	2012-01-01
0202030203038           	23	967.7041	2012-01-01
0202030203043           	23	2005.3437	2012-01-01
0202030203047           	23	1656.0461	2012-01-01
0202030203048           	23	1685.1595	2012-01-01
0202030203049           	23	964.7928	2012-01-01
0202030203050           	23	1061.5632	2012-01-01
0202030203051           	23	1864.1437	2012-01-01
0202030203052           	23	1319.7231	2012-01-01
0202030203053           	23	1248.5851	2012-01-01
0202030203055           	23	1061.5632	2012-01-01
0202030203057           	23	1161.3082	2012-01-01
0202030203058           	23	642.1403	2012-01-01
0202030203060           	23	1548.8329	2012-01-01
0202030203062           	23	964.7928	2012-01-01
0202030203063           	23	1061.5632	2012-01-01
0202030203064           	23	1864.1437	2012-01-01
0202030203065           	23	1319.7231	2012-01-01
0202030203066           	23	1248.5851	2012-01-01
0202030203068           	23	1061.5632	2012-01-01
0202030203070           	23	1161.3082	2012-01-01
0202030203071           	23	642.1403	2012-01-01
0202030203073           	23	1548.8329	2012-01-01
0202030203075           	23	964.7928	2012-01-01
0202030203076           	23	1061.5632	2012-01-01
0202030203077           	23	1864.1437	2012-01-01
0202030203078           	23	1319.7231	2012-01-01
0202030203079           	23	1248.5851	2012-01-01
0202030203081           	23	1061.5632	2012-01-01
0202030203083           	23	1161.3082	2012-01-01
0202030203084           	23	642.1403	2012-01-01
0202030203086           	23	1548.8329	2012-01-01
0202030203088           	23	964.7928	2012-01-01
0202030203089           	23	1061.5632	2012-01-01
0202030203090           	23	1864.1437	2012-01-01
0202030203091           	23	1319.7231	2012-01-01
0202030203092           	23	1248.5851	2012-01-01
0202030203094           	23	1061.5632	2012-01-01
0202030203096           	23	1161.3082	2012-01-01
0202030203097           	23	642.1403	2012-01-01
0202030203099           	23	1548.8329	2012-01-01
0202050205001           	23	1455.227	2012-01-01
0202050205002           	23	1452.3156	2012-01-01
0202050205003           	23	964.7928	2012-01-01
0202050205004           	23	900.237	2012-01-01
0202050205005           	23	835.7445	2012-01-01
0202050205006           	23	867.9591	2012-01-01
0202050205007           	23	997.0707	2012-01-01
0202050205008           	23	642.1403	2012-01-01
0202050205009           	23	706.6329	2012-01-01
0202050205010           	23	1029.3486	2012-01-01
0202050205013           	23	2034.3938	2012-01-01
0202050205014           	23	957.5777	2012-01-01
0202050205015           	23	1073.968	2012-01-01
0202050205016           	23	1073.968	2012-01-01
0202050205017           	23	1455.227	2012-01-01
0202050205018           	23	1452.3156	2012-01-01
0202050205019           	23	964.7928	2012-01-01
0202050205020           	23	900.237	2012-01-01
0202050205021           	23	835.7445	2012-01-01
0202050205022           	23	867.9591	2012-01-01
0202050205023           	23	997.0707	2012-01-01
0202050205024           	23	642.1403	2012-01-01
0202050205025           	23	706.6329	2012-01-01
0202050205026           	23	1029.3486	2012-01-01
0202050205029           	23	2034.3938	2012-01-01
0202050205030           	23	957.5777	2012-01-01
0202050205031           	23	1073.968	2012-01-01
0202050205032           	23	1073.968	2012-01-01
0202050205033           	23	1455.227	2012-01-01
0202050205034           	23	1452.3156	2012-01-01
0202050205035           	23	964.7928	2012-01-01
0202050205036           	23	900.237	2012-01-01
0202050205037           	23	835.7445	2012-01-01
0202050205038           	23	867.9591	2012-01-01
0202050205039           	23	997.0707	2012-01-01
0202050205040           	23	642.1403	2012-01-01
0202050205041           	23	706.6329	2012-01-01
0202050205042           	23	1029.3486	2012-01-01
0202050205045           	23	2034.3938	2012-01-01
0202050205046           	23	957.5777	2012-01-01
0303010301001           	23	2514.1952	2012-01-01
0303010301002           	23	2560.9033	2012-01-01
0303010301003           	23	2383.6913	2012-01-01
0303010301004           	23	2814.443	2012-01-01
0303010301005           	23	1743.3863	2012-01-01
0303010301006           	23	2304.5155	2012-01-01
0303010301007           	23	1180.9914	2012-01-01
0303010301008           	23	2034.3938	2012-01-01
0303010301009           	23	1918.0035	2012-01-01
0303010301010           	23	1705.5389	2012-01-01
0303010301011           	23	2206.1628	2012-01-01
0303010301012           	23	1235.8005	2012-01-01
0303010301013           	23	1287.4452	2012-01-01
0303010301014           	23	1084.1577	2012-01-01
0303010301015           	23	1032.5764	2012-01-01
0303010301016           	23	1241.9397	2012-01-01
0303010301017           	23	1235.674	2012-01-01
0303010301018           	23	1172.8903	2012-01-01
0303010301019           	23	1329.7862	2012-01-01
0303010301020           	23	1064.791	2012-01-01
0303010301021           	23	1051.8798	2012-01-01
0303010301022           	23	1187.447	2012-01-01
0303010301023           	23	1226.1805	2012-01-01
0303010301024           	23	1255.1673	2012-01-01
0303010301025           	23	2723.875	2012-01-01
0303010301026           	23	2034.3938	2012-01-01
0303010301027           	23	1235.674	2012-01-01
0303010301028           	23	1743.3863	2012-01-01
0303010301029           	23	2206.1628	2012-01-01
0303010301030           	23	1051.8798	2012-01-01
0303010301031           	23	2723.875	2012-01-01
0303010301032           	23	2034.3938	2012-01-01
0303010301033           	23	1235.674	2012-01-01
0303010301034           	23	1743.3863	2012-01-01
0303010301035           	23	2206.1628	2012-01-01
0303010301036           	23	1051.8798	2012-01-01
0303010301037           	23	2723.875	2012-01-01
0303010301038           	23	2034.3938	2012-01-01
0303010301039           	23	1235.674	2012-01-01
0303010301040           	23	1743.3863	2012-01-01
0303010301041           	23	2206.1628	2012-01-01
0303010301042           	23	1051.8798	2012-01-01
0303010301043           	23	2723.875	2012-01-01
0303010301044           	23	2034.3938	2012-01-01
0303010301045           	23	1235.674	2012-01-01
0303010301046           	23	1743.3863	2012-01-01
0303010301047           	23	2206.1628	2012-01-01
0303010301048           	23	1051.8798	2012-01-01
0303010301049           	23	2723.875	2012-01-01
0303010301050           	23	2034.3938	2012-01-01
0303010301051           	23	1235.674	2012-01-01
0303010301052           	23	1743.3863	2012-01-01
0303010301053           	23	2723.875	2012-01-01
0303010301054           	23	2034.3938	2012-01-01
0303010301055           	23	1235.674	2012-01-01
0303010301056           	23	1743.3863	2012-01-01
0303010301057           	23	2206.1628	2012-01-01
0303010301058           	23	1051.8798	2012-01-01
0303010301059           	23	2723.875	2012-01-01
0303010301060           	23	2034.3938	2012-01-01
0303010301061           	23	1235.674	2012-01-01
0303010301062           	23	1743.3863	2012-01-01
0303010301063           	23	2206.1628	2012-01-01
0303010301064           	23	1051.8798	2012-01-01
0303010301065           	23	2723.875	2012-01-01
0303010301066           	23	2034.3938	2012-01-01
0303010301067           	23	2723.875	2012-01-01
0303010301068           	23	2034.3938	2012-01-01
0303010301069           	23	1235.674	2012-01-01
0303010301070           	23	1743.3863	2012-01-01
0303010301071           	23	2206.1628	2012-01-01
0303010301072           	23	1051.8798	2012-01-01
0303010301073           	23	2723.875	2012-01-01
0303010301074           	23	2034.3938	2012-01-01
0303010301075           	23	1235.674	2012-01-01
0303010301076           	23	1743.3863	2012-01-01
0303010301077           	23	2206.1628	2012-01-01
0303010301078           	23	1051.8798	2012-01-01
0303030303003           	23	871.0603	2012-01-01
0303030303004           	23	1190.6748	2012-01-01
0303030303005           	23	1613.0089	2012-01-01
0303030303006           	23	1365.0387	2012-01-01
0303030303009           	23	871.0603	2012-01-01
0303030303010           	23	1190.6748	2012-01-01
0303030303011           	23	1613.0089	2012-01-01
0303030303012           	23	1365.0387	2012-01-01
0303030303015           	23	871.0603	2012-01-01
0303030303016           	23	1190.6748	2012-01-01
0303030303017           	23	1613.0089	2012-01-01
0303030303020           	23	871.0603	2012-01-01
0303030303021           	23	1190.6748	2012-01-01
0303030303022           	23	1613.0089	2012-01-01
0303030303025           	23	709.7341	2012-01-01
0303030303026           	23	741.8221	2012-01-01
0303030303027           	23	870.8704	2012-01-01
0303030303028           	23	1015.7412	2012-01-01
0303030303031           	23	709.7341	2012-01-01
0303030303032           	23	741.8221	2012-01-01
0303030303033           	23	870.8704	2012-01-01
0303030303034           	23	1015.7412	2012-01-01
0303030303037           	23	709.7341	2012-01-01
0303030303038           	23	741.8221	2012-01-01
0303030303039           	23	870.8704	2012-01-01
0303030303042           	23	709.7341	2012-01-01
0303030303043           	23	741.8221	2012-01-01
0303030303044           	23	870.8704	2012-01-01
0303030303045           	23	967.7041	2012-01-01
0303040304007           	23	404.5497	2012-01-01
0303040304008           	23	521.0033	2012-01-01
0303040304009           	23	319.4246	2012-01-01
0303040304010           	23	416.2583	2012-01-01
0303040304011           	23	319.4246	2012-01-01
0303040304012           	23	222.6542	2012-01-01
0303040304013           	23	190.3763	2012-01-01
0303040304014           	23	158.0984	2012-01-01
0303040304021           	23	404.5497	2012-01-01
0303040304022           	23	521.0033	2012-01-01
0303040304023           	23	319.4246	2012-01-01
0303040304024           	23	416.2583	2012-01-01
0303040304025           	23	319.4246	2012-01-01
0303040304026           	23	222.6542	2012-01-01
0303040304027           	23	190.3763	2012-01-01
0303040304028           	23	158.0984	2012-01-01
0303040304030           	23	1822.2457	2012-01-01
0303040304035           	23	448.5362	2012-01-01
0303040304036           	23	521.0033	2012-01-01
0303040304037           	23	319.4246	2012-01-01
0303040304038           	23	416.2583	2012-01-01
0303040304039           	23	319.4246	2012-01-01
0303040304040           	23	144.6809	2012-01-01
0303040304041           	23	190.3763	2012-01-01
0303040304042           	23	188.7308	2012-01-01
0303040304044           	23	1822.2457	2012-01-01
0303040304049           	23	448.5362	2012-01-01
0303040304050           	23	521.0033	2012-01-01
0303040304051           	23	319.4246	2012-01-01
0303040304052           	23	416.2583	2012-01-01
0303040304053           	23	319.4246	2012-01-01
0303040304054           	23	144.6809	2012-01-01
0303040304055           	23	190.3763	2012-01-01
0303040304056           	23	188.7308	2012-01-01
0303040304057           	23	1717.3742	2012-01-01
0303040304063           	23	448.5362	2012-01-01
0303040304064           	23	521.0033	2012-01-01
0303040304065           	23	319.4246	2012-01-01
0303040304066           	23	416.2583	2012-01-01
0303040304067           	23	319.4246	2012-01-01
0303040304068           	23	1717.3742	2012-01-01
0303040304074           	23	448.5362	2012-01-01
0303040304075           	23	521.0033	2012-01-01
0303040304076           	23	319.4246	2012-01-01
0303040304077           	23	416.2583	2012-01-01
0303040304078           	23	319.4246	2012-01-01
0303050305001           	23	4812.445	2012-01-01
0303050305002           	23	5240.2221	2012-01-01
0303050305003           	23	2034.3938	2012-01-01
0303050305004           	23	2907.5426	2012-01-01
0303050305005           	23	738.9108	2012-01-01
0303050305006           	23	1610.0976	2012-01-01
0303050305010           	23	552.9647	2012-01-01
0303050305011           	23	448.5362	2012-01-01
0303050305012           	23	351.7025	2012-01-01
0303050305013           	23	4812.445	2012-01-01
0303050305014           	23	5240.2221	2012-01-01
0303050305015           	23	2034.3938	2012-01-01
0303050305016           	23	2907.5426	2012-01-01
0303050305017           	23	738.9108	2012-01-01
0303050305018           	23	1610.0976	2012-01-01
0303050305022           	23	552.9647	2012-01-01
0303050305023           	23	448.5362	2012-01-01
0303050305024           	23	351.7025	2012-01-01
0303050305025           	23	4812.445	2012-01-01
0303050305026           	23	5240.2221	2012-01-01
0303050305027           	23	2034.3938	2012-01-01
0303050305028           	23	2907.5426	2012-01-01
0303050305029           	23	738.9108	2012-01-01
0303050305030           	23	1610.0976	2012-01-01
0303050305034           	23	552.9647	2012-01-01
0303050305035           	23	448.5362	2012-01-01
0303050305036           	23	351.7025	2012-01-01
0303050305037           	23	4812.445	2012-01-01
0303050305039           	23	2034.3938	2012-01-01
0303050305040           	23	2907.5426	2012-01-01
0303050305041           	23	738.9108	2012-01-01
0303050305042           	23	1610.0976	2012-01-01
0303050305046           	23	398.4106	2012-01-01
0303050305047           	23	448.5362	2012-01-01
0303050305048           	23	351.7025	2012-01-01
0303050305049           	23	4812.445	2012-01-01
0303050305051           	23	2034.3938	2012-01-01
0303050305052           	23	2907.5426	2012-01-01
0303050305053           	23	738.9108	2012-01-01
0303050305054           	23	1610.0976	2012-01-01
0303050305058           	23	398.4106	2012-01-01
0303050305059           	23	448.5362	2012-01-01
0303050305060           	23	351.7025	2012-01-01
0303050305061           	23	4812.445	2012-01-01
0303050305063           	23	2034.3938	2012-01-01
0303050305064           	23	2907.5426	2012-01-01
0303050305065           	23	738.9108	2012-01-01
0303050305066           	23	1610.0976	2012-01-01
0303050305070           	23	398.4106	2012-01-01
0303050305071           	23	448.5362	2012-01-01
0303050305072           	23	351.7025	2012-01-01
0303050305075           	23	2034.3938	2012-01-01
0303050305076           	23	2907.5426	2012-01-01
0303050305077           	23	738.9108	2012-01-01
0303050305078           	23	1610.0976	2012-01-01
0303050305082           	23	552.9647	2012-01-01
0303050305083           	23	448.5362	2012-01-01
0303050305086           	23	2034.3938	2012-01-01
0303050305087           	23	2907.5426	2012-01-01
0303050305088           	23	738.9108	2012-01-01
0303050305089           	23	1610.0976	2012-01-01
0303050305093           	23	552.9647	2012-01-01
0303050305094           	23	448.5362	2012-01-01
0303050305097           	23	2034.3938	2012-01-01
0303050305098           	23	2907.5426	2012-01-01
0303050305099           	23	738.9108	2012-01-01
0303050305100           	23	1610.0976	2012-01-01
0303060306001           	23	462.7765	2012-01-01
0303060306002           	23	491.8899	2012-01-01
0303060306003           	23	254.9321	2012-01-01
0303060306005           	23	459.2322	2012-01-01
0303060306007           	23	254.9321	2012-01-01
0303060306008           	23	293.6023	2012-01-01
0303060306009           	23	251.7043	2012-01-01
0303060306010           	23	337.5889	2012-01-01
0303060306011           	23	352.1456	2012-01-01
0303060306012           	23	395.8157	2012-01-01
0303060306013           	23	375.4363	2012-01-01
0303060306014           	23	465.6878	2012-01-01
0303060306017           	23	438.2833	2012-01-01
0303060306019           	23	462.7765	2012-01-01
0303060306020           	23	478.0927	2012-01-01
0303060306021           	23	494.8645	2012-01-01
0303060306022           	23	520.0539	2012-01-01
0303060306023           	23	480.1812	2012-01-01
0303060306024           	23	329.108	2012-01-01
0303060306025           	23	474.4218	2012-01-01
0303060306026           	23	552.9647	2012-01-01
0303060306027           	23	427.8404	2012-01-01
0303060306028           	23	547.1421	2012-01-01
0303060306029           	23	570.4328	2012-01-01
0303060306030           	23	462.7765	2012-01-01
0303060306031           	23	491.8899	2012-01-01
0303060306032           	23	254.9321	2012-01-01
0303060306034           	23	459.2322	2012-01-01
0303060306036           	23	254.9321	2012-01-01
0303060306037           	23	293.6023	2012-01-01
0303060306038           	23	251.7043	2012-01-01
0303060306039           	23	337.5889	2012-01-01
0303060306040           	23	352.1456	2012-01-01
0303060306041           	23	395.8157	2012-01-01
0303060306042           	23	375.4363	2012-01-01
0303060306043           	23	465.6878	2012-01-01
0303060306046           	23	438.2833	2012-01-01
0303060306048           	23	462.7765	2012-01-01
0303060306049           	23	478.0927	2012-01-01
0303060306050           	23	494.8645	2012-01-01
0303060306051           	23	520.0539	2012-01-01
0303060306052           	23	480.1812	2012-01-01
0303060306053           	23	329.108	2012-01-01
0303060306054           	23	474.4218	2012-01-01
0303060306055           	23	552.9647	2012-01-01
0303060306056           	23	427.8404	2012-01-01
0303060306057           	23	547.1421	2012-01-01
0303060306058           	23	570.4328	2012-01-01
0303060306059           	23	462.7765	2012-01-01
0303060306060           	23	491.8899	2012-01-01
0303060306061           	23	254.9321	2012-01-01
0303060306063           	23	459.2322	2012-01-01
0303060306065           	23	254.9321	2012-01-01
0303060306066           	23	293.6023	2012-01-01
0303060306067           	23	251.7043	2012-01-01
0303060306068           	23	337.5889	2012-01-01
0303060306069           	23	352.1456	2012-01-01
0303060306070           	23	395.8157	2012-01-01
0303060306071           	23	375.4363	2012-01-01
0303060306072           	23	465.6878	2012-01-01
0303060306075           	23	438.2833	2012-01-01
0303060306077           	23	462.7765	2012-01-01
0303060306078           	23	478.0927	2012-01-01
0303060306079           	23	494.8645	2012-01-01
0303060306080           	23	520.0539	2012-01-01
0303060306081           	23	480.1812	2012-01-01
0303060306082           	23	329.108	2012-01-01
0303060306083           	23	474.4218	2012-01-01
0303060306084           	23	552.9647	2012-01-01
0303060306085           	23	427.8404	2012-01-01
0303060306086           	23	547.1421	2012-01-01
0303060306087           	23	570.4328	2012-01-01
0303060306088           	23	352.1456	2012-01-01
0303060306089           	23	395.8157	2012-01-01
0303060306090           	23	375.4363	2012-01-01
0303060306092           	23	459.8651	2012-01-01
0303060306095           	23	343.4115	2012-01-01
0303060306096           	23	462.7765	2012-01-01
0303060306098           	23	494.8645	2012-01-01
0303060306101           	23	329.108	2012-01-01
0303080308001           	23	41.7714	2012-01-01
0303080308002           	23	128.7319	2012-01-01
0303080308003           	23	58.0369	2012-01-01
0303080308004           	23	48.0371	2012-01-01
0303080308005           	23	41.7714	2012-01-01
0303080308006           	23	43.5435	2012-01-01
0303080308008           	23	27.6577	2012-01-01
0303080308009           	23	37.0879	2012-01-01
0303080308010           	23	30.6324	2012-01-01
0303080308011           	23	33.4804	2012-01-01
0303080308012           	23	96.454	2012-01-01
0303080308013           	23	82.277	2012-01-01
0303080308014           	23	87.0237	2012-01-01
0303080308015           	23	81.2011	2012-01-01
0303080308017           	23	38.417	2012-01-01
0303080308019           	23	54.556	2012-01-01
0303080308021           	23	69.5557	2012-01-01
0303080308024           	23	64.2394	2012-01-01
0303080308025           	23	49.9991	2012-01-01
0303080308029           	23	51.3282	2012-01-01
0303080308030           	23	38.417	2012-01-01
0303080308035           	23	44.8726	2012-01-01
0303080308036           	23	41.7714	2012-01-01
0303080308037           	23	128.7319	2012-01-01
0303080308038           	23	58.0369	2012-01-01
0303080308039           	23	48.0371	2012-01-01
0303080308040           	23	41.7714	2012-01-01
0303080308041           	23	43.5435	2012-01-01
0303080308043           	23	27.6577	2012-01-01
0303080308044           	23	37.0879	2012-01-01
0303080308045           	23	30.6324	2012-01-01
0303080308046           	23	33.4804	2012-01-01
0303080308047           	23	96.454	2012-01-01
0303080308048           	23	82.277	2012-01-01
0303080308049           	23	87.0237	2012-01-01
0303080308050           	23	81.2011	2012-01-01
0303080308052           	23	38.417	2012-01-01
0303080308054           	23	54.556	2012-01-01
0303080308056           	23	69.5557	2012-01-01
0303080308059           	23	64.2394	2012-01-01
0303080308060           	23	49.9991	2012-01-01
0303080308064           	23	51.3282	2012-01-01
0303080308065           	23	38.417	2012-01-01
0303080308066           	23	41.7714	2012-01-01
0303080308067           	23	128.7319	2012-01-01
0303080308068           	23	58.0369	2012-01-01
0303080308069           	23	48.0371	2012-01-01
0303080308070           	23	41.7714	2012-01-01
0303080308071           	23	43.5435	2012-01-01
0303080308073           	23	27.6577	2012-01-01
0303080308074           	23	37.0879	2012-01-01
0303080308075           	23	30.6324	2012-01-01
0303080308076           	23	33.4804	2012-01-01
0303080308077           	23	96.454	2012-01-01
0303080308078           	23	82.277	2012-01-01
0303080308079           	23	87.0237	2012-01-01
0303080308080           	23	81.2011	2012-01-01
0303080308082           	23	38.417	2012-01-01
0303080308084           	23	54.556	2012-01-01
0303080308086           	23	69.5557	2012-01-01
0303080308089           	23	64.2394	2012-01-01
0303080308090           	23	49.9991	2012-01-01
0303080308094           	23	51.3282	2012-01-01
0303080308095           	23	38.417	2012-01-01
0303080308100           	23	86.7706	2012-01-01
0303080308101           	23	86.7706	2012-01-01
0303080308102           	23	86.7706	2012-01-01
0303080308103           	23	86.7706	2012-01-01
0303080308104           	23	50.3156	2012-01-01
0303080308106           	23	50.3156	2012-01-01
0303080308107           	23	50.3156	2012-01-01
0303080308112           	23	375.4363	2012-01-01
0303080308113           	23	375.4363	2012-01-01
0303080308114           	23	375.4363	2012-01-01
0303080308115           	23	375.4363	2012-01-01
0303080308121           	23	148.415	2012-01-01
0303080308122           	23	148.415	2012-01-01
0303080308123           	23	148.415	2012-01-01
0303080308127           	23	203.7305	2012-01-01
0303080308128           	23	67.657	2012-01-01
0303080308129           	23	67.657	2012-01-01
0303080308130           	23	67.657	2012-01-01
0303080308131           	23	67.657	2012-01-01
0303080308137           	23	41.9613	2012-01-01
0303080308138           	23	41.9613	2012-01-01
0303080308139           	23	41.9613	2012-01-01
0303080308140           	23	41.9613	2012-01-01
0303080308145           	23	161.3262	2012-01-01
0303080308146           	23	161.3262	2012-01-01
0303080308147           	23	161.3262	2012-01-01
0303080308148           	23	161.3262	2012-01-01
0303080308153           	23	134.6811	2012-01-01
0303080308154           	23	134.6811	2012-01-01
0303080308155           	23	134.6811	2012-01-01
0303080308156           	23	134.6811	2012-01-01
0303080308157           	23	141.9595	2012-01-01
0303080308158           	23	141.9595	2012-01-01
0303080308159           	23	141.9595	2012-01-01
0303080308160           	23	141.9595	2012-01-01
0303080308161           	23	245.1855	2012-01-01
0303080308162           	23	245.1855	2012-01-01
0303080308163           	23	245.1855	2012-01-01
0303080308164           	23	245.1855	2012-01-01
0303080308165           	23	329.108	2012-01-01
0303080308166           	23	329.108	2012-01-01
0303080308167           	23	329.108	2012-01-01
0303080308168           	23	329.108	2012-01-01
0303080308177           	23	3.0379	2012-01-01
0303080308178           	23	3.0379	2012-01-01
0303080308179           	23	3.0379	2012-01-01
0303080308180           	23	3.0379	2012-01-01
0303080308185           	23	109.6816	2012-01-01
0303080308186           	23	109.6816	2012-01-01
0303080308187           	23	109.6816	2012-01-01
0303080308188           	23	109.6816	2012-01-01
0303080308189           	23	177.4652	2012-01-01
0303080308190           	23	177.4652	2012-01-01
0303080308191           	23	177.4652	2012-01-01
0303080308192           	23	229.9326	2012-01-01
0303080308193           	23	229.9326	2012-01-01
0303080308194           	23	229.9326	2012-01-01
0303080308195           	23	229.9326	2012-01-01
0303080308199           	23	135.5039	2012-01-01
0303080308200           	23	135.5039	2012-01-01
0303080308201           	23	135.5039	2012-01-01
0404010401003           	23	430.7517	2012-01-01
0404010401004           	23	480.2445	2012-01-01
0404010401005           	23	547.1421	2012-01-01
0404010401006           	23	561.9519	2012-01-01
0404010401008           	23	906.6925	2012-01-01
0404010401009           	23	536.9524	2012-01-01
0404010401010           	23	548.5977	2012-01-01
0404010401011           	23	543.9775	2012-01-01
0404010401012           	23	573.0909	2012-01-01
0404010401013           	23	576.2555	2012-01-01
0404010401014           	23	484.3584	2012-01-01
0404010401015           	23	375.4363	2012-01-01
0404010401017           	23	430.7517	2012-01-01
0404010401019           	23	547.1421	2012-01-01
0404010401021           	23	608.0903	2012-01-01
0404010401024           	23	548.5977	2012-01-01
0404010401025           	23	543.9775	2012-01-01
0404010401027           	23	576.2555	2012-01-01
0404010401028           	23	484.3584	2012-01-01
0404010401029           	23	375.4363	2012-01-01
0404010401030           	23	419.3595	2012-01-01
0404010401031           	23	430.7517	2012-01-01
0404010401032           	23	480.2445	2012-01-01
0404010401033           	23	547.1421	2012-01-01
0404010401034           	23	561.9519	2012-01-01
0404010401035           	23	608.0903	2012-01-01
0404010401036           	23	906.6925	2012-01-01
0404010401037           	23	536.9524	2012-01-01
0404010401038           	23	548.5977	2012-01-01
0404010401039           	23	543.9775	2012-01-01
0404010401041           	23	576.2555	2012-01-01
0404010401042           	23	484.3584	2012-01-01
0404010401043           	23	375.4363	2012-01-01
0404010401044           	23	419.3595	2012-01-01
0404010401045           	23	430.7517	2012-01-01
0404010401046           	23	480.2445	2012-01-01
0404010401047           	23	547.1421	2012-01-01
0404010401048           	23	561.9519	2012-01-01
0404010401050           	23	906.6925	2012-01-01
0404010401052           	23	548.5977	2012-01-01
0404010401054           	23	573.0909	2012-01-01
0404010401057           	23	375.4363	2012-01-01
0404010401058           	23	419.3595	2012-01-01
0404010401060           	23	480.2445	2012-01-01
0404010401061           	23	547.1421	2012-01-01
0404010401062           	23	561.9519	2012-01-01
0404010401063           	23	608.0903	2012-01-01
0404010401064           	23	906.6925	2012-01-01
0404010401065           	23	536.9524	2012-01-01
0404010401066           	23	548.5977	2012-01-01
0404010401067           	23	543.9775	2012-01-01
0404010401068           	23	573.0909	2012-01-01
0404010401069           	23	576.2555	2012-01-01
0404010401070           	23	484.3584	2012-01-01
0404010401071           	23	375.4363	2012-01-01
0404010401072           	23	419.3595	2012-01-01
0404010401074           	23	480.2445	2012-01-01
0404010401075           	23	547.1421	2012-01-01
0404010401076           	23	561.9519	2012-01-01
0404010401077           	23	608.0903	2012-01-01
0404010401078           	23	906.6925	2012-01-01
0404010401079           	23	536.9524	2012-01-01
0404010401080           	23	548.5977	2012-01-01
0404010401081           	23	543.9775	2012-01-01
0404010401083           	23	576.2555	2012-01-01
0404010401085           	23	375.4363	2012-01-01
0404010401087           	23	430.7517	2012-01-01
0404010401090           	23	561.9519	2012-01-01
0404010401091           	23	608.0903	2012-01-01
0404010401092           	23	906.6925	2012-01-01
0404010401093           	23	536.9524	2012-01-01
0404010401094           	23	548.5977	2012-01-01
0404010401095           	23	543.9775	2012-01-01
0404010401096           	23	573.0909	2012-01-01
0404010401097           	23	576.2555	2012-01-01
0404010401098           	23	484.3584	2012-01-01
0404010401099           	23	576.2555	2012-01-01
0404010401100           	23	484.3584	2012-01-01
0404020402001           	23	1314.7865	2012-01-01
0404020402002           	23	1233.0158	2012-01-01
0404020402003           	23	908.0849	2012-01-01
0404020402004           	23	983.7165	2012-01-01
0404020402005           	23	895.3636	2012-01-01
0404020402007           	23	908.0849	2012-01-01
0404020402008           	23	983.7165	2012-01-01
0404020402009           	23	1314.7865	2012-01-01
0404020402010           	23	1233.0158	2012-01-01
0404020402011           	23	908.0849	2012-01-01
0404020402012           	23	983.7165	2012-01-01
0404020402013           	23	1314.7865	2012-01-01
0404020402014           	23	1233.0158	2012-01-01
0404020402016           	23	983.7165	2012-01-01
0404020402018           	23	1233.0158	2012-01-01
0404020402020           	23	983.7165	2012-01-01
0404020402023           	23	908.0849	2012-01-01
0404020402024           	23	983.7165	2012-01-01
0404020402026           	23	1233.0158	2012-01-01
0404020402027           	23	908.0849	2012-01-01
0404020402028           	23	983.7165	2012-01-01
0404020402029           	23	895.3636	2012-01-01
0404020402030           	23	1233.0158	2012-01-01
0404020402031           	23	908.0849	2012-01-01
0404020402032           	23	983.7165	2012-01-01
0404020402033           	23	1335.7355	2012-01-01
0404020402034           	23	1191.0545	2012-01-01
0404020402035           	23	913.9076	2012-01-01
0404020402036           	23	1041.9433	2012-01-01
0404020402037           	23	1354.5959	2012-01-01
0404020402038           	23	1191.0545	2012-01-01
0404020402040           	23	1041.9433	2012-01-01
0404020402041           	23	1354.5959	2012-01-01
0404020402042           	23	1191.0545	2012-01-01
0404020402043           	23	884.7942	2012-01-01
0404020402044           	23	1041.9433	2012-01-01
0404020402045           	23	1411.2404	2012-01-01
0404020402046           	23	1191.0545	2012-01-01
0404020402047           	23	966.3117	2012-01-01
0404020402049           	23	1411.2404	2012-01-01
0404020402051           	23	966.3117	2012-01-01
0404020402053           	23	1325.2293	2012-01-01
0404020402056           	23	1041.9433	2012-01-01
0404020402057           	23	1325.2293	2012-01-01
0404020402059           	23	998.2732	2012-01-01
0404020402060           	23	1041.9433	2012-01-01
0404020402061           	23	895.3636	2012-01-01
0404020402062           	23	1191.0545	2012-01-01
0404020402063           	23	937.1983	2012-01-01
0404020402064           	23	1041.9433	2012-01-01
0404020402065           	23	1318.9636	2012-01-01
0404020402066           	23	914.6671	2012-01-01
0404020402067           	23	878.9715	2012-01-01
0404020402068           	23	954.6664	2012-01-01
0404020402069           	23	1352.5073	2012-01-01
0404020402070           	23	914.6671	2012-01-01
0404020402071           	23	972.0711	2012-01-01
0404020402073           	23	1352.5073	2012-01-01
0404020402074           	23	914.6671	2012-01-01
0404020402075           	23	972.0711	2012-01-01
0404020402076           	23	954.6664	2012-01-01
0404020402077           	23	1377.6967	2012-01-01
0404020402078           	23	914.6671	2012-01-01
0404020402079           	23	966.3117	2012-01-01
0404020402080           	23	954.6664	2012-01-01
0404020402082           	23	914.6671	2012-01-01
0404020402084           	23	954.6664	2012-01-01
0404020402086           	23	914.6671	2012-01-01
0404020402089           	23	1314.7865	2012-01-01
0404020402090           	23	914.6671	2012-01-01
0404020402092           	23	954.6664	2012-01-01
0404020402093           	23	1007.5768	2012-01-01
0404020402094           	23	914.6671	2012-01-01
0404020402095           	23	1140.6124	2012-01-01
0404020402096           	23	954.6664	2012-01-01
0404020402097           	23	1007.5768	2012-01-01
0404020402098           	23	914.6671	2012-01-01
0404020402099           	23	1140.6124	2012-01-01
0404020402100           	23	954.6664	2012-01-01
0404050405001           	23	1746.2977	2012-01-01
0404050405002           	23	1647.3121	2012-01-01
0404050405003           	23	1842.3086	2012-01-01
0404050405004           	23	1906.3581	2012-01-01
0404050405005           	23	1361.6844	2012-01-01
0404050405006           	23	1393.9623	2012-01-01
0404050405007           	23	1326.1787	2012-01-01
0404050405008           	23	1322.9509	2012-01-01
0404050405009           	23	2096.9243	2012-01-01
0404050405010           	23	2094.8357	2012-01-01
0404050405011           	23	2092.7471	2012-01-01
0404050405012           	23	2054.963	2012-01-01
0404050405013           	23	3355.0662	2012-01-01
0404050405014           	23	3313.1682	2012-01-01
0404050405015           	23	3271.2069	2012-01-01
0404050405016           	23	3187.3477	2012-01-01
0404050405017           	23	2590.3331	2012-01-01
0404050405018           	23	2561.2197	2012-01-01
0404050405019           	23	2502.9929	2012-01-01
0404050405020           	23	2473.8795	2012-01-01
0404050405021           	23	580.8123	2012-01-01
0404050405022           	23	548.5344	2012-01-01
0404050405023           	23	532.3955	2012-01-01
0404050405024           	23	516.2565	2012-01-01
0404050405025           	23	1746.2977	2012-01-01
0404050405026           	23	1647.3121	2012-01-01
0404050405027           	23	1842.3086	2012-01-01
0404050405028           	23	1906.3581	2012-01-01
0404050405029           	23	1361.6844	2012-01-01
0404050405030           	23	1393.9623	2012-01-01
0404050405031           	23	1326.1787	2012-01-01
0404050405032           	23	1322.9509	2012-01-01
0404050405033           	23	2096.9243	2012-01-01
0404050405034           	23	2094.8357	2012-01-01
0404050405035           	23	2092.7471	2012-01-01
0404050405036           	23	2054.963	2012-01-01
0404050405037           	23	3355.0662	2012-01-01
0404050405038           	23	3313.1682	2012-01-01
0404050405039           	23	3271.2069	2012-01-01
0404050405040           	23	3187.3477	2012-01-01
0404050405041           	23	2590.3331	2012-01-01
0404050405042           	23	2561.2197	2012-01-01
0404050405043           	23	2502.9929	2012-01-01
0404050405044           	23	2473.8795	2012-01-01
0404050405045           	23	580.8123	2012-01-01
0404050405046           	23	548.5344	2012-01-01
0404050405047           	23	532.3955	2012-01-01
0404050405048           	23	516.2565	2012-01-01
0404050405049           	23	1746.2977	2012-01-01
0404050405050           	23	1647.3121	2012-01-01
0404050405051           	23	1842.3086	2012-01-01
0404050405052           	23	1906.3581	2012-01-01
0404050405053           	23	1361.6844	2012-01-01
0404050405054           	23	1393.9623	2012-01-01
0404050405055           	23	1326.1787	2012-01-01
0404050405056           	23	1322.9509	2012-01-01
0404050405057           	23	2096.9243	2012-01-01
0404050405058           	23	2094.8357	2012-01-01
0404050405059           	23	2092.7471	2012-01-01
0404050405060           	23	2054.963	2012-01-01
0404050405061           	23	3355.0662	2012-01-01
0404050405062           	23	3313.1682	2012-01-01
0404050405063           	23	3271.2069	2012-01-01
0404050405064           	23	3187.3477	2012-01-01
0404050405065           	23	2590.3331	2012-01-01
0404050405066           	23	2561.2197	2012-01-01
0404050405067           	23	2502.9929	2012-01-01
0404050405068           	23	2473.8795	2012-01-01
0404050405069           	23	580.8123	2012-01-01
0404050405070           	23	548.5344	2012-01-01
0404050405071           	23	532.3955	2012-01-01
0404050405072           	23	516.2565	2012-01-01
0404050405073           	23	1804.5245	2012-01-01
0404050405074           	23	1618.1987	2012-01-01
0404050405075           	23	1856.8653	2012-01-01
0404050405078           	23	1555.2885	2012-01-01
0404050405080           	23	1484.2771	2012-01-01
0404050405081           	23	2159.8345	2012-01-01
0404050405082           	23	2096.9243	2012-01-01
0404050405083           	23	2094.8357	2012-01-01
0404050405084           	23	2071.7349	2012-01-01
0404050405085           	23	3397.0275	2012-01-01
0404050405086           	23	3271.2069	2012-01-01
0404050405087           	23	3208.2967	2012-01-01
0404050405088           	23	3145.3864	2012-01-01
0404050405089           	23	2584.5104	2012-01-01
0404050405091           	23	2491.3476	2012-01-01
0404050405092           	23	2439.0067	2012-01-01
0404050405093           	23	606.6347	2012-01-01
0404050405094           	23	574.3567	2012-01-01
0404050405095           	23	542.0789	2012-01-01
0404050405096           	23	509.8009	2012-01-01
0404050405098           	23	2491.3476	2012-01-01
0404050405099           	23	2439.0067	2012-01-01
0404050405100           	23	606.6347	2012-01-01
0404050405101           	23	574.3567	2012-01-01
0404050405102           	23	542.0789	2012-01-01
0404050405103           	23	509.8009	2012-01-01
0404060406001           	23	161.3262	2012-01-01
0404060406002           	23	161.3262	2012-01-01
0404060406003           	23	161.3262	2012-01-01
0404060406004           	23	193.5408	2012-01-01
0404060406005           	23	193.5408	2012-01-01
0404060406006           	23	193.5408	2012-01-01
0404060406007           	23	64.4925	2012-01-01
0404060406008           	23	64.4925	2012-01-01
0404060406009           	23	64.4925	2012-01-01
0404060406010           	23	64.4925	2012-01-01
0404060406014           	23	119.3649	2012-01-01
0404060406015           	23	119.3649	2012-01-01
0404060406016           	23	119.3649	2012-01-01
0404060406020           	23	161.1996	2012-01-01
0404060406021           	23	161.1996	2012-01-01
0404060406022           	23	161.1996	2012-01-01
0404060406023           	23	161.1996	2012-01-01
0404060406024           	23	22.4047	2012-01-01
0404060406025           	23	22.4047	2012-01-01
0404060406026           	23	22.4047	2012-01-01
0404060406027           	23	22.4047	2012-01-01
0404060406036           	23	80.6315	2012-01-01
0404060406037           	23	80.6315	2012-01-01
0404060406038           	23	80.6315	2012-01-01
0404060406039           	23	80.6315	2012-01-01
0404060406040           	23	251.641	2012-01-01
0404060406041           	23	251.641	2012-01-01
0404060406042           	23	251.641	2012-01-01
0404060406043           	23	251.641	2012-01-01
0404060406047           	23	1247.6991	2012-01-01
0404060406050           	23	72.7835	2012-01-01
0404060406051           	23	72.7835	2012-01-01
0404060406052           	23	72.7835	2012-01-01
0404060406053           	23	72.7835	2012-01-01
0404060406054           	23	276.514	2012-01-01
0404060406055           	23	276.514	2012-01-01
0404060406056           	23	276.514	2012-01-01
0404060406057           	23	276.514	2012-01-01
0404060406058           	23	197.9078	2012-01-01
0404060406059           	23	197.9078	2012-01-01
0404060406060           	23	197.9078	2012-01-01
0404060406061           	23	197.9078	2012-01-01
0404060406062           	23	90.3781	2012-01-01
0404060406063           	23	90.3781	2012-01-01
0404060406064           	23	90.3781	2012-01-01
0404060406065           	23	90.3781	2012-01-01
0505010501001           	23	32.2146	2012-01-01
0505010501002           	23	41.898	2012-01-01
0505010501003           	23	54.8091	2012-01-01
0505010501004           	23	66.8975	2012-01-01
0505010501005           	23	78.5429	2012-01-01
0505010501006           	23	84.3656	2012-01-01
0505010501008           	23	104.745	2012-01-01
0505010501009           	23	113.479	2012-01-01
0505010501010           	23	116.3903	2012-01-01
0505010501011           	23	90.125	2012-01-01
0505010501012           	23	98.5425	2012-01-01
0505010501013           	23	104.8082	2012-01-01
0505010501014           	23	49.4295	2012-01-01
0505010501015           	23	66.8975	2012-01-01
0505010501017           	23	84.3656	2012-01-01
0505010501019           	23	104.745	2012-01-01
0505010501021           	23	127.5293	2012-01-01
0505010501024           	23	104.745	2012-01-01
0505010501025           	23	45.7587	2012-01-01
0505010501027           	23	88.0997	2012-01-01
0505010501028           	23	64.9988	2012-01-01
0505010501029           	23	51.6446	2012-01-01
0505010501030           	23	64.0495	2012-01-01
0505010501031           	23	66.9608	2012-01-01
0505010501032           	23	61.1381	2012-01-01
0505010501033           	23	66.8975	2012-01-01
0505010501034           	23	32.2146	2012-01-01
0505010501035           	23	41.898	2012-01-01
0505010501036           	23	54.8091	2012-01-01
0505010501037           	23	66.8975	2012-01-01
0505010501038           	23	78.5429	2012-01-01
0505010501039           	23	84.3656	2012-01-01
0505010501041           	23	104.745	2012-01-01
0505010501042           	23	113.479	2012-01-01
0505010501043           	23	116.3903	2012-01-01
0505010501044           	23	90.125	2012-01-01
0505010501045           	23	98.5425	2012-01-01
0505010501046           	23	104.8082	2012-01-01
0505010501047           	23	49.4295	2012-01-01
0505010501048           	23	66.8975	2012-01-01
0505010501050           	23	84.3656	2012-01-01
0505010501052           	23	104.745	2012-01-01
0505010501054           	23	127.5293	2012-01-01
0505010501057           	23	104.745	2012-01-01
0505010501058           	23	45.7587	2012-01-01
0505010501060           	23	88.0997	2012-01-01
0505010501061           	23	64.9988	2012-01-01
0505010501062           	23	51.6446	2012-01-01
0505010501063           	23	64.0495	2012-01-01
0505010501064           	23	66.9608	2012-01-01
0505010501065           	23	61.1381	2012-01-01
0505010501066           	23	66.8975	2012-01-01
0505010501067           	23	32.2146	2012-01-01
0505010501068           	23	41.898	2012-01-01
0505010501069           	23	54.8091	2012-01-01
0505010501070           	23	66.8975	2012-01-01
0505010501071           	23	78.5429	2012-01-01
0505010501072           	23	84.3656	2012-01-01
0505010501074           	23	104.745	2012-01-01
0505010501075           	23	113.479	2012-01-01
0505010501076           	23	116.3903	2012-01-01
0505010501077           	23	90.125	2012-01-01
0505010501078           	23	98.5425	2012-01-01
0505010501079           	23	104.8082	2012-01-01
0505010501080           	23	49.4295	2012-01-01
0505010501081           	23	66.8975	2012-01-01
0505010501083           	23	84.3656	2012-01-01
0505010501085           	23	104.745	2012-01-01
0505010501087           	23	127.5293	2012-01-01
0505010501090           	23	104.745	2012-01-01
0505010501091           	23	45.7587	2012-01-01
0505030503002           	23	1235.1044	2012-01-01
0505030503003           	23	669.4183	2012-01-01
0505030503004           	23	779.986	2012-01-01
0505030503005           	23	841.1241	2012-01-01
0505030503008           	23	873.1488	2012-01-01
0505030503009           	23	896.4396	2012-01-01
0505030503011           	23	852.7695	2012-01-01
0505030503012           	23	750.9359	2012-01-01
0505030503013           	23	579.1668	2012-01-01
0505030503014           	23	844.0354	2012-01-01
0505030503015           	23	876.0602	2012-01-01
0505030503016           	23	550.0534	2012-01-01
0505030503017           	23	582.0781	2012-01-01
0505030503019           	23	1235.1044	2012-01-01
0505030503020           	23	669.4183	2012-01-01
0505030503021           	23	779.986	2012-01-01
0505030503022           	23	841.1241	2012-01-01
0505030503025           	23	873.1488	2012-01-01
0505030503026           	23	896.4396	2012-01-01
0505030503028           	23	852.7695	2012-01-01
0505030503029           	23	750.9359	2012-01-01
0505030503030           	23	579.1668	2012-01-01
0505030503031           	23	844.0354	2012-01-01
0505030503032           	23	876.0602	2012-01-01
0505030503033           	23	550.0534	2012-01-01
0505030503034           	23	582.0781	2012-01-01
0505030503036           	23	1235.1044	2012-01-01
0505030503037           	23	669.4183	2012-01-01
0505030503038           	23	779.986	2012-01-01
0505030503039           	23	841.1241	2012-01-01
0505030503042           	23	873.1488	2012-01-01
0505030503043           	23	896.4396	2012-01-01
0505030503045           	23	852.7695	2012-01-01
0505030503046           	23	750.9359	2012-01-01
0505030503047           	23	579.1668	2012-01-01
0505030503048           	23	844.0354	2012-01-01
0505030503049           	23	876.0602	2012-01-01
0505030503050           	23	550.0534	2012-01-01
0505030503051           	23	582.0781	2012-01-01
0505030503053           	23	873.1488	2012-01-01
0505030503054           	23	896.4396	2012-01-01
0505030503056           	23	852.7695	2012-01-01
0505030503057           	23	750.9359	2012-01-01
0505030503058           	23	579.1668	2012-01-01
0505030503059           	23	844.0354	2012-01-01
0505030503060           	23	876.0602	2012-01-01
0505030503061           	23	550.0534	2012-01-01
0505030503062           	23	582.0781	2012-01-01
0505040504001           	23	416.2583	2012-01-01
0505040504004           	23	782.8973	2012-01-01
0505040504005           	23	605.3689	2012-01-01
0505040504006           	23	669.4183	2012-01-01
0505040504008           	23	777.0746	2012-01-01
0505040504009           	23	873.1488	2012-01-01
0505040504010           	23	902.2622	2012-01-01
0505040504011           	23	416.2583	2012-01-01
0505040504014           	23	782.8973	2012-01-01
0505040504015           	23	605.3689	2012-01-01
0505040504016           	23	669.4183	2012-01-01
0505040504018           	23	777.0746	2012-01-01
0505040504019           	23	873.1488	2012-01-01
0505040504020           	23	902.2622	2012-01-01
0505040504021           	23	416.2583	2012-01-01
0505040504024           	23	782.8973	2012-01-01
0505040504025           	23	605.3689	2012-01-01
0505040504026           	23	669.4183	2012-01-01
0505040504028           	23	777.0746	2012-01-01
0505040504029           	23	873.1488	2012-01-01
0505040504030           	23	902.2622	2012-01-01
0505040504031           	23	416.2583	2012-01-01
0505040504034           	23	782.8973	2012-01-01
0505040504035           	23	605.3689	2012-01-01
0505040504036           	23	669.4183	2012-01-01
0505040504038           	23	777.0746	2012-01-01
0505040504039           	23	873.1488	2012-01-01
0505040504040           	23	902.2622	2012-01-01
0505040504041           	23	416.2583	2012-01-01
0505040504044           	23	782.8973	2012-01-01
0505040504045           	23	605.3689	2012-01-01
0505040504046           	23	669.4183	2012-01-01
0505040504048           	23	777.0746	2012-01-01
0505040504049           	23	873.1488	2012-01-01
0505040504050           	23	902.2622	2012-01-01
0505040504051           	23	814.922	2012-01-01
0505040504052           	23	902.2622	2012-01-01
0505040504053           	23	796.8211	2012-01-01
0505040504054           	23	870.2375	2012-01-01
0505040504055           	23	960.489	2012-01-01
0505040504056           	23	842.9595	2012-01-01
0505040504058           	23	779.986	2012-01-01
0505040504059           	23	633.2797	2012-01-01
0505040504060           	23	742.2018	2012-01-01
0505040504061           	23	774.1633	2012-01-01
0505040504062           	23	815.6815	2012-01-01
0505040504063           	23	814.922	2012-01-01
0505040504065           	23	834.6052	2012-01-01
0505040504066           	23	779.986	2012-01-01
0505040504068           	23	771.695	2012-01-01
0505040504072           	23	870.2375	2012-01-01
0505040504073           	23	960.489	2012-01-01
0505040504076           	23	779.986	2012-01-01
0505040504077           	23	633.2797	2012-01-01
0505040504078           	23	742.2018	2012-01-01
0505040504080           	23	815.6815	2012-01-01
0505040504081           	23	814.922	2012-01-01
0505040504083           	23	834.6052	2012-01-01
0505040504084           	23	779.986	2012-01-01
0505040504085           	23	867.3262	2012-01-01
0505040504088           	23	902.2622	2012-01-01
0505040504089           	23	796.8211	2012-01-01
0505040504090           	23	870.2375	2012-01-01
0505040504092           	23	842.9595	2012-01-01
0505040504093           	23	692.709	2012-01-01
0505040504095           	23	633.2797	2012-01-01
0505040504098           	23	815.6815	2012-01-01
0505040504099           	23	814.922	2012-01-01
0606020602006           	23	41.898	2012-01-01
0606020602007           	23	459.2322	2012-01-01
0606020602008           	23	459.2322	2012-01-01
0606020602009           	23	459.2322	2012-01-01
0606020602010           	23	459.2322	2012-01-01
0606020602011           	23	459.2322	2012-01-01
0606020602012           	23	52.3408	2012-01-01
0606020602013           	23	40.4423	2012-01-01
0606020602014           	23	32.2146	2012-01-01
0606020602015           	23	47.9738	2012-01-01
0606020602016           	23	36.8348	2012-01-01
0606020602017           	23	52.3408	2012-01-01
0606020602018           	23	40.4423	2012-01-01
0606020602019           	23	32.2146	2012-01-01
0606020602020           	23	47.9738	2012-01-01
0606020602021           	23	36.8348	2012-01-01
0606020602022           	23	52.3408	2012-01-01
0606020602023           	23	40.4423	2012-01-01
0606020602024           	23	32.2146	2012-01-01
0606020602025           	23	47.9738	2012-01-01
0606020602026           	23	36.8348	2012-01-01
0606020602031           	23	465.6245	2012-01-01
0606020602032           	23	523.8513	2012-01-01
0606020602033           	23	354.9303	2012-01-01
0606020602034           	23	545.1801	2012-01-01
0606020602035           	23	608.0903	2012-01-01
0606020602036           	23	465.6245	2012-01-01
0606020602037           	23	523.8513	2012-01-01
0606020602038           	23	354.9303	2012-01-01
0606020602039           	23	545.1801	2012-01-01
0606020602040           	23	608.0903	2012-01-01
0606020602041           	23	465.6245	2012-01-01
0606020602042           	23	523.8513	2012-01-01
0606020602043           	23	354.9303	2012-01-01
0606020602044           	23	545.1801	2012-01-01
0606020602045           	23	608.0903	2012-01-01
0606020602051           	23	41.898	2012-01-01
0606020602052           	23	459.2322	2012-01-01
0606020602053           	23	459.2322	2012-01-01
0606020602054           	23	459.2322	2012-01-01
0606020602055           	23	459.2322	2012-01-01
0606020602056           	23	459.2322	2012-01-01
0606020602057           	23	52.3408	2012-01-01
0606020602058           	23	40.4423	2012-01-01
0606020602059           	23	32.2146	2012-01-01
0606020602060           	23	47.9738	2012-01-01
0606020602061           	23	36.8348	2012-01-01
0606020602062           	23	52.3408	2012-01-01
0606020602063           	23	40.4423	2012-01-01
0606020602064           	23	32.2146	2012-01-01
0606020602065           	23	47.9738	2012-01-01
0606020602066           	23	36.8348	2012-01-01
0606020602067           	23	52.3408	2012-01-01
0606020602068           	23	40.4423	2012-01-01
0606020602069           	23	32.2146	2012-01-01
0606020602070           	23	47.9738	2012-01-01
0606020602071           	23	36.8348	2012-01-01
0606020602076           	23	465.6245	2012-01-01
0606020602077           	23	523.8513	2012-01-01
0606020602078           	23	354.9303	2012-01-01
0606020602079           	23	545.1801	2012-01-01
0606020602080           	23	608.0903	2012-01-01
0606020602081           	23	465.6245	2012-01-01
0606020602082           	23	523.8513	2012-01-01
0606020602083           	23	354.9303	2012-01-01
0606020602084           	23	545.1801	2012-01-01
0606020602085           	23	608.0903	2012-01-01
0606020602086           	23	465.6245	2012-01-01
0606020602087           	23	523.8513	2012-01-01
0606020602088           	23	354.9303	2012-01-01
0606020602089           	23	545.1801	2012-01-01
0606020602090           	23	608.0903	2012-01-01
0707010701002           	23	22.5312	2012-01-01
0707010701004           	23	26.1388	2012-01-01
0707010701005           	23	16.0757	2012-01-01
0707010701006           	23	35.4424	2012-01-01
0707010701008           	23	22.5312	2012-01-01
0707010701010           	23	26.1388	2012-01-01
0707010701011           	23	16.0757	2012-01-01
0707010701012           	23	35.4424	2012-01-01
0707010701014           	23	22.5312	2012-01-01
0707010701016           	23	26.1388	2012-01-01
0707010701017           	23	16.0757	2012-01-01
0707010701018           	23	35.4424	2012-01-01
0707010701020           	23	22.5312	2012-01-01
0707010701022           	23	26.1388	2012-01-01
0707010701023           	23	16.0757	2012-01-01
0707010701024           	23	35.4424	2012-01-01
0707010701025           	23	17.4048	2012-01-01
0707010701026           	23	22.5312	2012-01-01
0707010701028           	23	25.8223	2012-01-01
0707010701029           	23	16.0757	2012-01-01
0707010701030           	23	35.6323	2012-01-01
0707010701031           	23	17.4048	2012-01-01
0707010701032           	23	22.5312	2012-01-01
0707010701034           	23	25.8223	2012-01-01
0707010701035           	23	16.0757	2012-01-01
0707010701036           	23	35.6323	2012-01-01
0707010701037           	23	17.4048	2012-01-01
0707010701038           	23	22.5312	2012-01-01
0707010701040           	23	25.8223	2012-01-01
0707010701041           	23	16.0757	2012-01-01
0707010701042           	23	35.6323	2012-01-01
0707010701043           	23	17.4048	2012-01-01
0707010701044           	23	22.5312	2012-01-01
0707010701046           	23	25.8223	2012-01-01
0707020702001           	23	204.1102	2012-01-01
0707020702002           	23	204.1102	2012-01-01
0707020702003           	23	204.1102	2012-01-01
0707020702004           	23	204.1102	2012-01-01
0707020702005           	23	204.1102	2012-01-01
0707020702006           	23	204.1102	2012-01-01
0707020702007           	23	204.1102	2012-01-01
0707020702008           	23	204.1102	2012-01-01
0707020702009           	23	204.1102	2012-01-01
0707020702010           	23	204.1102	2012-01-01
0707020702011           	23	204.1102	2012-01-01
0707020702012           	23	204.1102	2012-01-01
0707020702013           	23	204.1102	2012-01-01
0707020702014           	23	204.1102	2012-01-01
0707020702015           	23	204.1102	2012-01-01
0707020702016           	23	180.693	2012-01-01
0707020702017           	23	180.693	2012-01-01
0707020702018           	23	180.693	2012-01-01
0707020702021           	23	162.9717	2012-01-01
0707020702022           	23	232.2743	2012-01-01
0707020702024           	23	226.0719	2012-01-01
0707020702025           	23	210.8823	2012-01-01
0707020702026           	23	210.8823	2012-01-01
0707020702027           	23	73.543	2012-01-01
0707020702028           	23	90.3781	2012-01-01
0707020702029           	23	90.3781	2012-01-01
0707020702030           	23	90.3781	2012-01-01
0707020702031           	23	90.3781	2012-01-01
0707020702034           	23	90.3781	2012-01-01
0707020702035           	23	90.3781	2012-01-01
0707020702036           	23	90.3781	2012-01-01
0707020702037           	23	90.3781	2012-01-01
0707020702038           	23	90.3781	2012-01-01
0707020702039           	23	228.5402	2012-01-01
0707020702040           	23	228.5402	2012-01-01
0707020702041           	23	228.5402	2012-01-01
0707020702042           	23	228.5402	2012-01-01
0707020702043           	23	228.5402	2012-01-01
0707020702044           	23	228.5402	2012-01-01
0707020702045           	23	228.5402	2012-01-01
0707020702046           	23	259.046	2012-01-01
0707020702047           	23	259.046	2012-01-01
0707020702048           	23	259.046	2012-01-01
0707020702049           	23	209.4266	2012-01-01
0707020702050           	23	209.4266	2012-01-01
0707020702051           	23	180.3765	2012-01-01
0707020702052           	23	163.0983	2012-01-01
0707020702053           	23	219.9328	2012-01-01
0707020702054           	23	275.9444	2012-01-01
0707020702055           	23	213.6038	2012-01-01
0707020702056           	23	101.264	2012-01-01
0707020702057           	23	290.3112	2012-01-01
0707020702063           	23	98.9856	2012-01-01
0707020702064           	23	109.6816	2012-01-01
0707020702065           	23	109.6816	2012-01-01
0707020702066           	23	109.6816	2012-01-01
0707020702067           	23	138.7317	2012-01-01
0707020702068           	23	138.7317	2012-01-01
0707020702069           	23	138.7317	2012-01-01
0707020702070           	23	138.7317	2012-01-01
0707020702074           	23	138.7317	2012-01-01
0707020702076           	23	138.7317	2012-01-01
0707020702077           	23	138.7317	2012-01-01
0707020702078           	23	138.7317	2012-01-01
0707020702079           	23	138.7317	2012-01-01
0707020702080           	23	138.7317	2012-01-01
0707020702081           	23	138.7317	2012-01-01
0707020702082           	23	138.7317	2012-01-01
0707020702083           	23	138.7317	2012-01-01
0707020702084           	23	138.7317	2012-01-01
0707020702085           	23	138.7317	2012-01-01
0707020702086           	23	138.7317	2012-01-01
0707020702087           	23	138.7317	2012-01-01
0707020702090           	23	138.7317	2012-01-01
0707020702091           	23	138.7317	2012-01-01
0707020702092           	23	138.7317	2012-01-01
0707020702093           	23	83.9225	2012-01-01
0707020702095           	23	103.226	2012-01-01
0707020702096           	23	103.226	2012-01-01
0707020702097           	23	103.226	2012-01-01
0707020702098           	23	103.226	2012-01-01
0707020702099           	23	103.226	2012-01-01
0707020702100           	23	103.226	2012-01-01
0707020702101           	23	103.226	2012-01-01
0707020702102           	23	103.226	2012-01-01
0707020702103           	23	103.226	2012-01-01
0707020702104           	23	103.226	2012-01-01
0707020702108           	23	103.226	2012-01-01
0707020702110           	23	103.226	2012-01-01
0707020702111           	23	103.226	2012-01-01
0707020702112           	23	103.226	2012-01-01
0707020702113           	23	103.226	2012-01-01
0707020702114           	23	103.226	2012-01-01
0707020702115           	23	103.226	2012-01-01
0707020702116           	23	103.226	2012-01-01
0707020702118           	23	103.226	2012-01-01
0707020702119           	23	103.226	2012-01-01
0707020702120           	23	103.226	2012-01-01
0808010801003           	23	5291.2339	2012-01-01
0808010801004           	23	5159.5274	2012-01-01
0808010801005           	23	3223.4863	2012-01-01
0808010801008           	23	5291.2339	2012-01-01
0808010801009           	23	5159.5274	2012-01-01
0808010801010           	23	3223.4863	2012-01-01
0808010801013           	23	5291.2339	2012-01-01
0808010801014           	23	5159.5274	2012-01-01
0808010801015           	23	3223.4863	2012-01-01
0808010801018           	23	5291.2339	2012-01-01
0808010801019           	23	5159.5274	2012-01-01
0808010801020           	23	3223.4863	2012-01-01
0808010801021           	23	5562.9378	2012-01-01
0808010801023           	23	5293.8921	2012-01-01
0808010801024           	23	5162.4387	2012-01-01
0808010801025           	23	3226.3976	2012-01-01
0808010801026           	23	5562.9378	2012-01-01
0808010801028           	23	5293.8921	2012-01-01
0808010801029           	23	5162.4387	2012-01-01
0808010801030           	23	3226.3976	2012-01-01
0808010801031           	23	5562.9378	2012-01-01
0808010801033           	23	5293.8921	2012-01-01
0808010801034           	23	5162.4387	2012-01-01
0808010801035           	23	3226.3976	2012-01-01
0808010801036           	23	5562.9378	2012-01-01
0808010801038           	23	5293.8921	2012-01-01
0808010801039           	23	5162.4387	2012-01-01
0808010801040           	23	3226.3976	2012-01-01
0808010801043           	23	5291.2339	2012-01-01
0808010801044           	23	5159.5274	2012-01-01
0808010801045           	23	3223.4863	2012-01-01
0808010801048           	23	5291.2339	2012-01-01
0808010801049           	23	5159.5274	2012-01-01
0808010801050           	23	3223.4863	2012-01-01
0808010801053           	23	5291.2339	2012-01-01
0808010801054           	23	5159.5274	2012-01-01
0808010801055           	23	3223.4863	2012-01-01
0808010801058           	23	5291.2339	2012-01-01
0808010801059           	23	5159.5274	2012-01-01
0808010801060           	23	3223.4863	2012-01-01
0808010801063           	23	5291.2339	2012-01-01
0808010801064           	23	5159.5274	2012-01-01
0808010801065           	23	3223.4863	2012-01-01
0808010801068           	23	5291.2339	2012-01-01
0808010801069           	23	5159.5274	2012-01-01
0808010801070           	23	3223.4863	2012-01-01
0808020802003           	23	1434.8476	2012-01-01
0808020802004           	23	967.9573	2012-01-01
0808020802005           	23	903.4648	2012-01-01
0808020802006           	23	419.4228	2012-01-01
0808020802009           	23	1434.8476	2012-01-01
0808020802010           	23	967.9573	2012-01-01
0808020802011           	23	903.4648	2012-01-01
0808020802012           	23	419.4228	2012-01-01
0808020802015           	23	1434.8476	2012-01-01
0808020802016           	23	967.9573	2012-01-01
0808020802017           	23	903.4648	2012-01-01
0808020802018           	23	419.4228	2012-01-01
0808020802021           	23	1434.8476	2012-01-01
0808020802022           	23	967.9573	2012-01-01
0808020802023           	23	903.4648	2012-01-01
0808020802024           	23	419.4228	2012-01-01
0808020802027           	23	1434.8476	2012-01-01
0808020802028           	23	967.9573	2012-01-01
0808020802029           	23	903.4648	2012-01-01
0808020802030           	23	419.4228	2012-01-01
0808020802033           	23	1434.8476	2012-01-01
0808020802034           	23	967.9573	2012-01-01
0808020802035           	23	903.4648	2012-01-01
0808020802036           	23	419.4228	2012-01-01
0808020802039           	23	1434.8476	2012-01-01
0808020802040           	23	967.9573	2012-01-01
0808020802041           	23	903.4648	2012-01-01
0808020802042           	23	419.4228	2012-01-01
0808020802043           	23	6710.1324	2012-01-01
0808020802045           	23	1434.8476	2012-01-01
0808020802046           	23	967.9573	2012-01-01
0808020802047           	23	903.4648	2012-01-01
0808020802048           	23	419.4228	2012-01-01
0808020802049           	23	6710.1324	2012-01-01
0808020802051           	23	1434.8476	2012-01-01
0808020802052           	23	967.9573	2012-01-01
0808020802053           	23	903.4648	2012-01-01
0808020802054           	23	419.4228	2012-01-01
0808020802055           	23	6710.1324	2012-01-01
0808020802057           	23	1434.8476	2012-01-01
0808020802058           	23	967.9573	2012-01-01
0808020802059           	23	903.4648	2012-01-01
0808020802060           	23	419.4228	2012-01-01
0808020802061           	23	6710.1324	2012-01-01
0808020802063           	23	1434.8476	2012-01-01
0808020802064           	23	967.9573	2012-01-01
0808020802065           	23	903.4648	2012-01-01
0808020802066           	23	419.4228	2012-01-01
0808020802067           	23	6710.1324	2012-01-01
0808020802069           	23	1434.8476	2012-01-01
0808020802070           	23	967.9573	2012-01-01
0808020802071           	23	903.4648	2012-01-01
0808020802072           	23	419.4228	2012-01-01
0808020802073           	23	6710.1324	2012-01-01
0808020802075           	23	1434.8476	2012-01-01
0808020802076           	23	967.9573	2012-01-01
0808020802077           	23	903.4648	2012-01-01
0808020802078           	23	419.4228	2012-01-01
0808020802081           	23	1434.8476	2012-01-01
0808020802082           	23	967.9573	2012-01-01
0808020802083           	23	903.4648	2012-01-01
0808020802084           	23	419.4228	2012-01-01
0808020802086           	23	1434.8476	2012-01-01
0808030803003           	23	523.8513	2012-01-01
0808030803004           	23	451.7007	2012-01-01
0808030803005           	23	322.6524	2012-01-01
0808030803006           	23	306.5135	2012-01-01
0808030803009           	23	523.8513	2012-01-01
0808030803010           	23	451.7007	2012-01-01
0808030803011           	23	322.6524	2012-01-01
0808030803012           	23	306.5135	2012-01-01
0808030803015           	23	523.8513	2012-01-01
0808030803016           	23	451.7007	2012-01-01
0808030803017           	23	322.6524	2012-01-01
0808030803018           	23	306.5135	2012-01-01
0808030803021           	23	523.8513	2012-01-01
0808030803022           	23	451.7007	2012-01-01
0808030803023           	23	322.6524	2012-01-01
0808030803024           	23	306.5135	2012-01-01
0808030803027           	23	523.8513	2012-01-01
0808030803028           	23	451.7007	2012-01-01
0808030803029           	23	322.6524	2012-01-01
0808030803030           	23	306.5135	2012-01-01
0808030803033           	23	523.8513	2012-01-01
0808030803034           	23	451.7007	2012-01-01
0808030803035           	23	322.6524	2012-01-01
0808030803036           	23	306.5135	2012-01-01
0808030803037           	23	1396.4306	2012-01-01
0808030803039           	23	523.8513	2012-01-01
0808030803040           	23	451.7007	2012-01-01
0808030803041           	23	322.6524	2012-01-01
0808030803042           	23	306.5135	2012-01-01
0808030803043           	23	1396.4306	2012-01-01
0808030803045           	23	523.8513	2012-01-01
0808030803046           	23	451.7007	2012-01-01
0808030803047           	23	322.6524	2012-01-01
0808030803048           	23	306.5135	2012-01-01
0808030803049           	23	1396.4306	2012-01-01
0808030803051           	23	523.8513	2012-01-01
0808030803052           	23	451.7007	2012-01-01
0808030803053           	23	322.6524	2012-01-01
0808030803054           	23	306.5135	2012-01-01
0808030803055           	23	1396.4306	2012-01-01
0808030803057           	23	523.8513	2012-01-01
0808030803058           	23	451.7007	2012-01-01
0808030803059           	23	322.6524	2012-01-01
0808030803060           	23	306.5135	2012-01-01
0808030803061           	23	1396.4306	2012-01-01
0808030803063           	23	523.8513	2012-01-01
0808030803064           	23	451.7007	2012-01-01
0808030803065           	23	322.6524	2012-01-01
0808030803066           	23	306.5135	2012-01-01
0808030803067           	23	1396.4306	2012-01-01
0808030803069           	23	523.8513	2012-01-01
0808030803070           	23	451.7007	2012-01-01
0808030803071           	23	322.6524	2012-01-01
0808030803072           	23	306.5135	2012-01-01
0808030803075           	23	523.8513	2012-01-01
0808030803076           	23	451.7007	2012-01-01
0808030803077           	23	322.6524	2012-01-01
0808030803078           	23	306.5135	2012-01-01
0808030803081           	23	523.8513	2012-01-01
0808030803082           	23	451.7007	2012-01-01
0808030803083           	23	322.6524	2012-01-01
0808030803084           	23	306.5135	2012-01-01
0808030803087           	23	523.8513	2012-01-01
0808030803088           	23	451.7007	2012-01-01
0808030803089           	23	322.6524	2012-01-01
0808030803090           	23	306.5135	2012-01-01
0808030803093           	23	523.8513	2012-01-01
0808030803094           	23	451.7007	2012-01-01
0808030803095           	23	322.6524	2012-01-01
0808030803096           	23	306.5135	2012-01-01
0808030803099           	23	523.8513	2012-01-01
0808030803100           	23	451.7007	2012-01-01
0808030803101           	23	322.6524	2012-01-01
0808030803102           	23	306.5135	2012-01-01
0808040804001           	23	3092.9823	2012-01-01
0808040804003           	23	2302.1738	2012-01-01
0808040804004           	23	1639.1477	2012-01-01
0808040804005           	23	830.8711	2012-01-01
0808040804006           	23	3092.9823	2012-01-01
0808040804008           	23	2302.1738	2012-01-01
0808040804009           	23	1639.1477	2012-01-01
0808040804010           	23	830.8711	2012-01-01
0808040804011           	23	3092.9823	2012-01-01
0808040804013           	23	2302.1738	2012-01-01
0808040804014           	23	1639.1477	2012-01-01
0808040804015           	23	830.8711	2012-01-01
0808040804016           	23	3092.9823	2012-01-01
0808040804018           	23	2302.1738	2012-01-01
0808040804019           	23	1639.1477	2012-01-01
0808040804020           	23	830.8711	2012-01-01
0808040804021           	23	3092.9823	2012-01-01
0808040804023           	23	2302.1738	2012-01-01
0808040804024           	23	1639.1477	2012-01-01
0808040804025           	23	830.8711	2012-01-01
0808040804026           	23	3092.9823	2012-01-01
0808040804028           	23	2302.1738	2012-01-01
0808040804029           	23	1639.1477	2012-01-01
0808040804030           	23	830.8711	2012-01-01
0808050805003           	23	1295.1666	2012-01-01
0808050805004           	23	525.9399	2012-01-01
0808050805005           	23	480.7508	2012-01-01
0808050805006           	23	419.1697	2012-01-01
0808050805009           	23	1295.1666	2012-01-01
0808050805010           	23	525.9399	2012-01-01
0808050805011           	23	480.7508	2012-01-01
0808050805012           	23	419.1697	2012-01-01
0808050805015           	23	1295.1666	2012-01-01
0808050805016           	23	525.9399	2012-01-01
0808050805017           	23	480.7508	2012-01-01
0808050805018           	23	419.1697	2012-01-01
0808050805021           	23	1295.1666	2012-01-01
0808050805022           	23	525.9399	2012-01-01
0808050805023           	23	480.7508	2012-01-01
0808050805024           	23	419.1697	2012-01-01
0808050805027           	23	1295.1666	2012-01-01
0808050805028           	23	525.9399	2012-01-01
0808050805029           	23	480.7508	2012-01-01
0808050805030           	23	419.1697	2012-01-01
0808050805033           	23	1295.1666	2012-01-01
0808050805034           	23	525.9399	2012-01-01
0808050805035           	23	480.7508	2012-01-01
0808050805036           	23	419.1697	2012-01-01
0808050805039           	23	1295.1666	2012-01-01
0808050805040           	23	525.9399	2012-01-01
0808050805041           	23	480.7508	2012-01-01
0808050805042           	23	419.1697	2012-01-01
0808050805045           	23	1295.1666	2012-01-01
0808050805046           	23	525.9399	2012-01-01
0808050805047           	23	480.7508	2012-01-01
0808050805048           	23	419.1697	2012-01-01
0808050805051           	23	1295.1666	2012-01-01
0808050805052           	23	525.9399	2012-01-01
0808050805053           	23	480.7508	2012-01-01
0808050805054           	23	419.1697	2012-01-01
0808050805057           	23	1295.1666	2012-01-01
0808050805058           	23	525.9399	2012-01-01
0808050805059           	23	480.7508	2012-01-01
0808050805060           	23	419.1697	2012-01-01
0808050805063           	23	1295.1666	2012-01-01
0808050805064           	23	525.9399	2012-01-01
0808050805065           	23	480.7508	2012-01-01
0808050805066           	23	419.1697	2012-01-01
0808050805069           	23	1295.1666	2012-01-01
0808050805070           	23	525.9399	2012-01-01
0808050805071           	23	480.7508	2012-01-01
0808050805072           	23	419.1697	2012-01-01
0808050805073           	23	1295.1666	2012-01-01
0808050805074           	23	525.9399	2012-01-01
0808060806004           	23	669.355	2012-01-01
0808060806005           	23	387.1449	2012-01-01
0808060806006           	23	329.108	2012-01-01
0808060806007           	23	257.97	2012-01-01
0808060806008           	23	96.7704	2012-01-01
0808060806009           	23	1333.6469	2012-01-01
0808060806012           	23	669.355	2012-01-01
0808060806013           	23	387.1449	2012-01-01
0808060806014           	23	329.108	2012-01-01
0808060806015           	23	257.97	2012-01-01
0808060806016           	23	96.7704	2012-01-01
0808060806017           	23	1333.6469	2012-01-01
0808060806020           	23	669.355	2012-01-01
0808060806021           	23	387.1449	2012-01-01
0808060806022           	23	329.108	2012-01-01
0808060806023           	23	257.97	2012-01-01
0808060806024           	23	96.7704	2012-01-01
0808060806025           	23	1333.6469	2012-01-01
0808060806028           	23	669.355	2012-01-01
0808060806029           	23	387.1449	2012-01-01
0808060806030           	23	329.108	2012-01-01
0808060806031           	23	257.97	2012-01-01
0808060806032           	23	96.7704	2012-01-01
0808060806033           	23	1333.6469	2012-01-01
0808060806036           	23	669.355	2012-01-01
0808060806037           	23	387.1449	2012-01-01
0808060806038           	23	329.108	2012-01-01
0808060806039           	23	257.97	2012-01-01
0808060806040           	23	96.7704	2012-01-01
0808060806041           	23	1333.6469	2012-01-01
0808060806044           	23	669.355	2012-01-01
0808060806045           	23	387.1449	2012-01-01
0808060806046           	23	329.108	2012-01-01
0808060806047           	23	257.97	2012-01-01
0808060806048           	23	96.7704	2012-01-01
0808060806049           	23	1333.6469	2012-01-01
0808060806052           	23	669.355	2012-01-01
0808060806053           	23	387.1449	2012-01-01
0808060806054           	23	329.108	2012-01-01
0808060806055           	23	257.97	2012-01-01
0808060806056           	23	96.7704	2012-01-01
0808060806057           	23	1333.6469	2012-01-01
0808060806060           	23	669.355	2012-01-01
0808060806061           	23	387.1449	2012-01-01
0808060806062           	23	329.108	2012-01-01
0808060806063           	23	257.97	2012-01-01
0808060806064           	23	96.7704	2012-01-01
0808060806065           	23	1333.6469	2012-01-01
0808060806068           	23	669.355	2012-01-01
0808060806069           	23	387.1449	2012-01-01
0808060806070           	23	329.108	2012-01-01
0808060806071           	23	257.97	2012-01-01
0808060806072           	23	96.7704	2012-01-01
0808060806073           	23	1333.6469	2012-01-01
0808060806076           	23	669.355	2012-01-01
0808060806077           	23	387.1449	2012-01-01
0808060806078           	23	329.108	2012-01-01
0808060806079           	23	257.97	2012-01-01
0808060806080           	23	96.7704	2012-01-01
0808060806081           	23	1333.6469	2012-01-01
0808060806084           	23	669.355	2012-01-01
0808060806085           	23	387.1449	2012-01-01
0808060806086           	23	329.108	2012-01-01
0808060806087           	23	257.97	2012-01-01
0808060806088           	23	96.7704	2012-01-01
0808060806089           	23	1333.6469	2012-01-01
0808060806092           	23	669.355	2012-01-01
0808060806093           	23	387.1449	2012-01-01
0808060806094           	23	329.108	2012-01-01
0808060806095           	23	257.97	2012-01-01
0808060806096           	23	96.7704	2012-01-01
0808060806097           	23	1333.6469	2012-01-01
0808060806100           	23	669.355	2012-01-01
0808060806101           	23	387.1449	2012-01-01
0808060806102           	23	329.108	2012-01-01
0808060806103           	23	257.97	2012-01-01
0808060806104           	23	96.7704	2012-01-01
0808060806105           	23	1333.6469	2012-01-01
0808060806108           	23	669.355	2012-01-01
0808060806109           	23	387.1449	2012-01-01
0808060806110           	23	329.108	2012-01-01
0808060806111           	23	257.97	2012-01-01
0808060806112           	23	96.7704	2012-01-01
0808060806113           	23	1333.6469	2012-01-01
0808060806116           	23	669.355	2012-01-01
0808060806117           	23	387.1449	2012-01-01
0808060806118           	23	329.108	2012-01-01
0808060806119           	23	257.97	2012-01-01
0808060806120           	23	96.7704	2012-01-01
0808060806124           	23	669.355	2012-01-01
0808060806125           	23	387.1449	2012-01-01
0808060806126           	23	329.108	2012-01-01
0808060806127           	23	257.97	2012-01-01
0808060806128           	23	96.7704	2012-01-01
0808060806132           	23	669.355	2012-01-01
0808060806133           	23	387.1449	2012-01-01
0808060806134           	23	329.108	2012-01-01
0808060806135           	23	257.97	2012-01-01
0808060806136           	23	96.7704	2012-01-01
0808060806140           	23	669.355	2012-01-01
0808060806141           	23	387.1449	2012-01-01
0808060806142           	23	329.108	2012-01-01
0808060806143           	23	257.97	2012-01-01
0808060806144           	23	96.7704	2012-01-01
0808060806148           	23	669.355	2012-01-01
0808060806149           	23	387.1449	2012-01-01
0808060806150           	23	329.108	2012-01-01
0808060806151           	23	257.97	2012-01-01
0808060806152           	23	96.7704	2012-01-01
0808060806156           	23	669.355	2012-01-01
0808060806157           	23	387.1449	2012-01-01
0808060806158           	23	329.108	2012-01-01
0808070807001           	23	1333.6469	2012-01-01
0808070807004           	23	1164.1563	2012-01-01
0808070807005           	23	967.9573	2012-01-01
0808070807006           	23	645.3048	2012-01-01
0808070807007           	23	354.9303	2012-01-01
0808070807008           	23	1333.6469	2012-01-01
0808070807011           	23	1164.1563	2012-01-01
0808070807012           	23	967.9573	2012-01-01
0808070807013           	23	645.3048	2012-01-01
0808070807014           	23	354.9303	2012-01-01
0808070807015           	23	1333.6469	2012-01-01
0808070807018           	23	1164.1563	2012-01-01
0808070807019           	23	967.9573	2012-01-01
0808070807020           	23	645.3048	2012-01-01
0808070807021           	23	354.9303	2012-01-01
0808070807022           	23	1333.6469	2012-01-01
0808070807025           	23	1164.1563	2012-01-01
0808070807026           	23	967.9573	2012-01-01
0808070807027           	23	645.3048	2012-01-01
0808070807028           	23	354.9303	2012-01-01
0808070807029           	23	1333.6469	2012-01-01
0808070807032           	23	1164.1563	2012-01-01
0808070807033           	23	967.9573	2012-01-01
0808070807034           	23	645.3048	2012-01-01
0808070807035           	23	354.9303	2012-01-01
0808070807039           	23	1164.1563	2012-01-01
0808070807040           	23	967.9573	2012-01-01
0808070807041           	23	645.3048	2012-01-01
0808070807042           	23	354.9303	2012-01-01
0808070807046           	23	1164.1563	2012-01-01
0808070807047           	23	967.9573	2012-01-01
0808070807048           	23	645.3048	2012-01-01
0808070807049           	23	354.9303	2012-01-01
0808070807053           	23	1164.1563	2012-01-01
0808070807054           	23	967.9573	2012-01-01
0808070807055           	23	645.3048	2012-01-01
0808070807056           	23	354.9303	2012-01-01
0808070807060           	23	1164.1563	2012-01-01
0808070807061           	23	967.9573	2012-01-01
0808070807062           	23	645.3048	2012-01-01
0808080808001           	23	96.7704	2012-01-01
0808080808002           	23	96.7704	2012-01-01
0808080808003           	23	96.7704	2012-01-01
0808080808004           	23	118.8586	2012-01-01
0808080808005           	23	118.8586	2012-01-01
0808080808006           	23	118.8586	2012-01-01
0808080808007           	23	215.3759	2012-01-01
0808080808008           	23	215.3759	2012-01-01
0808080808009           	23	215.3759	2012-01-01
0808080808018           	23	106.1373	2012-01-01
0808080808019           	23	106.1373	2012-01-01
0808080808020           	23	106.1373	2012-01-01
0808080808021           	23	106.1373	2012-01-01
0808080808026           	23	145.1873	2012-01-01
0808080808027           	23	145.1873	2012-01-01
0808080808028           	23	145.1873	2012-01-01
0808080808029           	23	145.1873	2012-01-01
0808080808030           	23	32.2146	2012-01-01
0808080808031           	23	32.2146	2012-01-01
0808080808032           	23	32.2146	2012-01-01
0808080808033           	23	32.2146	2012-01-01
0808080808034           	23	16.0757	2012-01-01
0808080808035           	23	16.0757	2012-01-01
0808080808036           	23	16.0757	2012-01-01
0808080808037           	23	16.0757	2012-01-01
0808080808038           	23	48.3536	2012-01-01
0808080808039           	23	48.3536	2012-01-01
0808080808040           	23	48.3536	2012-01-01
0808080808041           	23	48.3536	2012-01-01
0808080808054           	23	96.7704	2012-01-01
0808080808055           	23	96.7704	2012-01-01
0808080808056           	23	96.7704	2012-01-01
0808080808057           	23	96.7704	2012-01-01
0808080808058           	23	99.9982	2012-01-01
0808080808059           	23	99.9982	2012-01-01
0808080808060           	23	99.9982	2012-01-01
0808080808061           	23	99.9982	2012-01-01
0808080808062           	23	99.9982	2012-01-01
0808080808075           	23	1164.2195	2012-01-01
0808080808076           	23	1164.2195	2012-01-01
0808080808077           	23	1164.2195	2012-01-01
0808080808078           	23	1164.2195	2012-01-01
0505050505001           	23	48.3536	2012-01-01
0505050505002           	23	48.3536	2012-01-01
0505050505003           	23	48.3536	2012-01-01
0505050505004           	23	80.6315	2012-01-01
0505050505005           	23	80.6315	2012-01-01
0505050505006           	23	80.6315	2012-01-01
0505050505007           	23	9.4935	2012-01-01
0505050505015           	23	32.2146	2012-01-01
0505050505016           	23	32.2146	2012-01-01
0505050505017           	23	32.2146	2012-01-01
0505050505018           	23	32.2146	2012-01-01
0505050505019           	23	15.3162	2012-01-01
0505050505020           	23	15.3162	2012-01-01
0505050505021           	23	15.3162	2012-01-01
0505050505022           	23	13.101	2012-01-01
0505050505023           	23	13.101	2012-01-01
0505050505024           	23	13.101	2012-01-01
0505050505028           	23	10.8226	2012-01-01
0505050505029           	23	10.8226	2012-01-01
0505050505030           	23	10.8226	2012-01-01
