Product_ID	CurrencyKey	UnitPrice	SCD_EffectiveDate
0101010101001           	23	82.2137	2012-01-01
0101010101002           	23	82.2137	2012-01-01
0101010101003           	23	91.8971	2012-01-01
0101010101004           	23	136.5165	2012-01-01
0101010101005           	23	136.5165	2012-01-01
0101010101006           	23	136.5165	2012-01-01
0101010101007           	23	136.5165	2012-01-01
0101010101008           	23	379.6767	2012-01-01
0101010101009           	23	379.6767	2012-01-01
0101010101010           	23	379.6767	2012-01-01
0101010101011           	23	379.6767	2012-01-01
0101010101012           	23	491.6367	2012-01-01
0101010101013           	23	491.6367	2012-01-01
0101010101014           	23	491.6367	2012-01-01
0101010101015           	23	491.6367	2012-01-01
0101010101037           	23	1893.8267	2012-01-01
0101010101038           	23	1893.8267	2012-01-01
0101010101039           	23	1893.8267	2012-01-01
0101010101040           	23	1893.8267	2012-01-01
0101040104001           	23	949.0335	2012-01-01
0101040104002           	23	949.0335	2012-01-01
0101040104003           	23	949.0335	2012-01-01
0101040104004           	23	1265.4836	2012-01-01
0101040104005           	23	1265.4836	2012-01-01
0101040104006           	23	1265.4836	2012-01-01
0101040104007           	23	1265.4836	2012-01-01
0101060106001           	23	162.592	2012-01-01
0101060106002           	23	162.592	2012-01-01
0101060106003           	23	162.592	2012-01-01
0101060106004           	23	162.592	2012-01-01
0101060106005           	23	303.4756	2012-01-01
0101060106006           	23	303.4756	2012-01-01
0101060106007           	23	303.4756	2012-01-01
0101060106008           	23	303.4756	2012-01-01
0101060106010           	23	240.1856	2012-01-01
0101060106011           	23	240.1856	2012-01-01
0101060106012           	23	240.1856	2012-01-01
0101060106028           	23	426.5746	2012-01-01
0101060106029           	23	426.5746	2012-01-01
0101060106030           	23	426.5746	2012-01-01
0101060106031           	23	426.5746	2012-01-01
0101060106032           	23	426.5746	2012-01-01
0202010201001           	23	1075.8667	2012-01-01
0202010201002           	23	1075.8667	2012-01-01
0202010201003           	23	1075.8667	2012-01-01
0202010201004           	23	759.4167	2012-01-01
0202010201005           	23	759.4167	2012-01-01
0202010201006           	23	759.4167	2012-01-01
0202010201007           	23	1772.0567	2012-01-01
0202010201008           	23	1772.0567	2012-01-01
0202010201009           	23	1772.0567	2012-01-01
0202010201010           	23	907.5786	2012-01-01
0202010201011           	23	907.5786	2012-01-01
0202010201012           	23	907.5786	2012-01-01
0202010201013           	23	907.5786	2012-01-01
0202010201014           	23	1265.80	2012-01-01
0202010201015           	23	1265.80	2012-01-01
0202010201016           	23	1265.80	2012-01-01
0202010201017           	23	1265.80	2012-01-01
0202010201018           	23	2214.8336	2012-01-01
0202010201019           	23	2214.8336	2012-01-01
0202010201020           	23	2214.8336	2012-01-01
0202010201021           	23	2214.8336	2012-01-01
0202010201038           	23	2974.4401	2012-01-01
0202010201039           	23	2974.4401	2012-01-01
0202010201040           	23	2974.4401	2012-01-01
0202010201041           	23	2974.4401	2012-01-01
0202010201050           	23	4832.2548	2012-01-01
0202020202002           	23	436.701	2012-01-01
0202020202004           	23	753.151	2012-01-01
0202020202005           	23	689.861	2012-01-01
0202020202011           	23	803.1501	2012-01-01
0202020202012           	23	360.1201	2012-01-01
0202020202013           	23	417.714	2012-01-01
0202020202015           	23	436.701	2012-01-01
0202020202017           	23	753.151	2012-01-01
0202020202018           	23	689.861	2012-01-01
0202020202024           	23	803.1501	2012-01-01
0202020202025           	23	360.1201	2012-01-01
0202020202026           	23	417.714	2012-01-01
0202030203003           	23	1892.371	2012-01-01
0202030203005           	23	1708.1971	2012-01-01
0202030203006           	23	1898.0671	2012-01-01
0202030203011           	23	4360.681	2012-01-01
0202030203015           	23	3601.201	2012-01-01
0202030203019           	23	1892.371	2012-01-01
0202030203021           	23	1708.1971	2012-01-01
0202030203022           	23	1898.0671	2012-01-01
0202030203027           	23	4360.681	2012-01-01
0202030203031           	23	3601.201	2012-01-01
0202030203035           	23	1892.371	2012-01-01
0202030203037           	23	1708.1971	2012-01-01
0202030203038           	23	1898.0671	2012-01-01
0202030203043           	23	4360.681	2012-01-01
0202030203047           	23	3601.201	2012-01-01
0202030203049           	23	1892.371	2012-01-01
0202030203050           	23	2082.241	2012-01-01
0202030203051           	23	5626.481	2012-01-01
0202030203052           	23	2588.561	2012-01-01
0202030203053           	23	2715.141	2012-01-01
0202030203055           	23	2082.241	2012-01-01
0202030203057           	23	2525.271	2012-01-01
0202030203058           	23	1259.471	2012-01-01
0202030203060           	23	3037.92	2012-01-01
0202030203062           	23	1892.371	2012-01-01
0202030203063           	23	2082.241	2012-01-01
0202030203064           	23	5626.481	2012-01-01
0202030203065           	23	2588.561	2012-01-01
0202030203066           	23	2715.141	2012-01-01
0202030203068           	23	2082.241	2012-01-01
0202030203070           	23	2525.271	2012-01-01
0202030203071           	23	1259.471	2012-01-01
0202030203073           	23	3037.92	2012-01-01
0202030203075           	23	1892.371	2012-01-01
0202030203076           	23	2082.241	2012-01-01
0202030203077           	23	5626.481	2012-01-01
0202030203078           	23	2588.561	2012-01-01
0202030203079           	23	2715.141	2012-01-01
0202030203081           	23	2082.241	2012-01-01
0202030203083           	23	2525.271	2012-01-01
0202030203084           	23	1259.471	2012-01-01
0202030203086           	23	3037.92	2012-01-01
0202030203088           	23	1892.371	2012-01-01
0202030203089           	23	2082.241	2012-01-01
0202030203090           	23	5626.481	2012-01-01
0202030203091           	23	2588.561	2012-01-01
0202030203092           	23	2715.141	2012-01-01
0202030203094           	23	2082.241	2012-01-01
0202030203096           	23	2525.271	2012-01-01
0202030203097           	23	1259.471	2012-01-01
0202030203099           	23	3037.92	2012-01-01
0202050205001           	23	3164.50	2012-01-01
0202050205002           	23	3158.171	2012-01-01
0202050205003           	23	1892.371	2012-01-01
0202050205004           	23	1765.791	2012-01-01
0202050205005           	23	1639.211	2012-01-01
0202050205006           	23	1702.501	2012-01-01
0202050205007           	23	1955.661	2012-01-01
0202050205008           	23	1259.471	2012-01-01
0202050205009           	23	1386.051	2012-01-01
0202050205010           	23	2018.951	2012-01-01
0202050205013           	23	4423.971	2012-01-01
0202050205014           	23	2082.241	2012-01-01
0202050205015           	23	2335.401	2012-01-01
0202050205016           	23	2335.401	2012-01-01
0202050205017           	23	3164.50	2012-01-01
0202050205018           	23	3158.171	2012-01-01
0202050205019           	23	1892.371	2012-01-01
0202050205020           	23	1765.791	2012-01-01
0202050205021           	23	1639.211	2012-01-01
0202050205022           	23	1702.501	2012-01-01
0202050205023           	23	1955.661	2012-01-01
0202050205024           	23	1259.471	2012-01-01
0202050205025           	23	1386.051	2012-01-01
0202050205026           	23	2018.951	2012-01-01
0202050205029           	23	4423.971	2012-01-01
0202050205030           	23	2082.241	2012-01-01
0202050205031           	23	2335.401	2012-01-01
0202050205032           	23	2335.401	2012-01-01
0202050205033           	23	3164.50	2012-01-01
0202050205034           	23	3158.171	2012-01-01
0202050205035           	23	1892.371	2012-01-01
0202050205036           	23	1765.791	2012-01-01
0202050205037           	23	1639.211	2012-01-01
0202050205038           	23	1702.501	2012-01-01
0202050205039           	23	1955.661	2012-01-01
0202050205040           	23	1259.471	2012-01-01
0202050205041           	23	1386.051	2012-01-01
0202050205042           	23	2018.951	2012-01-01
0202050205045           	23	4423.971	2012-01-01
0202050205046           	23	2082.241	2012-01-01
0303010301001           	23	7588.471	2012-01-01
0303010301002           	23	5568.8871	2012-01-01
0303010301003           	23	5183.451	2012-01-01
0303010301004           	23	6120.143	2012-01-01
0303010301005           	23	3791.071	2012-01-01
0303010301006           	23	6955.571	2012-01-01
0303010301007           	23	2316.414	2012-01-01
0303010301008           	23	4423.971	2012-01-01
0303010301009           	23	4170.811	2012-01-01
0303010301010           	23	3708.794	2012-01-01
0303010301011           	23	4797.382	2012-01-01
0303010301012           	23	2424.007	2012-01-01
0303010301013           	23	2525.271	2012-01-01
0303010301014           	23	2126.544	2012-01-01
0303010301015           	23	2025.28	2012-01-01
0303010301016           	23	2436.0321	2012-01-01
0303010301017           	23	2423.6905	2012-01-01
0303010301018           	23	2300.5915	2012-01-01
0303010301019           	23	2891.7201	2012-01-01
0303010301020           	23	2088.57	2012-01-01
0303010301021           	23	2063.254	2012-01-01
0303010301022           	23	2329.072	2012-01-01
0303010301023           	23	2405.02	2012-01-01
0303010301024           	23	2461.981	2012-01-01
0303010301025           	23	8221.371	2012-01-01
0303010301026           	23	4423.971	2012-01-01
0303010301027           	23	2423.6905	2012-01-01
0303010301028           	23	3791.071	2012-01-01
0303010301029           	23	4797.382	2012-01-01
0303010301030           	23	2063.254	2012-01-01
0303010301031           	23	8221.371	2012-01-01
0303010301032           	23	4423.971	2012-01-01
0303010301033           	23	2423.6905	2012-01-01
0303010301034           	23	3791.071	2012-01-01
0303010301035           	23	4797.382	2012-01-01
0303010301036           	23	2063.254	2012-01-01
0303010301037           	23	8221.371	2012-01-01
0303010301038           	23	4423.971	2012-01-01
0303010301039           	23	2423.6905	2012-01-01
0303010301040           	23	3791.071	2012-01-01
0303010301041           	23	4797.382	2012-01-01
0303010301042           	23	2063.254	2012-01-01
0303010301043           	23	8221.371	2012-01-01
0303010301044           	23	4423.971	2012-01-01
0303010301045           	23	2423.6905	2012-01-01
0303010301046           	23	3791.071	2012-01-01
0303010301047           	23	4797.382	2012-01-01
0303010301048           	23	2063.254	2012-01-01
0303010301049           	23	8221.371	2012-01-01
0303010301050           	23	4423.971	2012-01-01
0303010301051           	23	2423.6905	2012-01-01
0303010301052           	23	3791.071	2012-01-01
0303010301053           	23	8221.371	2012-01-01
0303010301054           	23	4423.971	2012-01-01
0303010301055           	23	2423.6905	2012-01-01
0303010301056           	23	3791.071	2012-01-01
0303010301057           	23	4797.382	2012-01-01
0303010301058           	23	2063.254	2012-01-01
0303010301059           	23	8221.371	2012-01-01
0303010301060           	23	4423.971	2012-01-01
0303010301061           	23	2423.6905	2012-01-01
0303010301062           	23	3791.071	2012-01-01
0303010301063           	23	4797.382	2012-01-01
0303010301064           	23	2063.254	2012-01-01
0303010301065           	23	8221.371	2012-01-01
0303010301066           	23	4423.971	2012-01-01
0303010301067           	23	8221.371	2012-01-01
0303010301068           	23	4423.971	2012-01-01
0303010301069           	23	2423.6905	2012-01-01
0303010301070           	23	3791.071	2012-01-01
0303010301071           	23	4797.382	2012-01-01
0303010301072           	23	2063.254	2012-01-01
0303010301073           	23	8221.371	2012-01-01
0303010301074           	23	4423.971	2012-01-01
0303010301075           	23	2423.6905	2012-01-01
0303010301076           	23	3791.071	2012-01-01
0303010301077           	23	4797.382	2012-01-01
0303010301078           	23	2063.254	2012-01-01
0303030303003           	23	1708.5136	2012-01-01
0303030303004           	23	2335.401	2012-01-01
0303030303005           	23	3163.8671	2012-01-01
0303030303006           	23	2968.301	2012-01-01
0303030303009           	23	1708.5136	2012-01-01
0303030303010           	23	2335.401	2012-01-01
0303030303011           	23	3163.8671	2012-01-01
0303030303012           	23	2968.301	2012-01-01
0303030303015           	23	1708.5136	2012-01-01
0303030303016           	23	2335.401	2012-01-01
0303030303017           	23	3163.8671	2012-01-01
0303030303020           	23	1708.5136	2012-01-01
0303030303021           	23	2335.401	2012-01-01
0303030303022           	23	3163.8671	2012-01-01
0303030303025           	23	1392.0635	2012-01-01
0303030303026           	23	1455.0371	2012-01-01
0303030303027           	23	1708.1971	2012-01-01
0303030303028           	23	2208.821	2012-01-01
0303030303031           	23	1392.0635	2012-01-01
0303030303032           	23	1455.0371	2012-01-01
0303030303033           	23	1708.1971	2012-01-01
0303030303034           	23	2208.821	2012-01-01
0303030303037           	23	1392.0635	2012-01-01
0303030303038           	23	1455.0371	2012-01-01
0303030303039           	23	1708.1971	2012-01-01
0303030303042           	23	1392.0635	2012-01-01
0303030303043           	23	1455.0371	2012-01-01
0303030303044           	23	1708.1971	2012-01-01
0303030303045           	23	1898.0671	2012-01-01
0303040304007           	23	879.731	2012-01-01
0303040304008           	23	1132.891	2012-01-01
0303040304009           	23	626.571	2012-01-01
0303040304010           	23	816.441	2012-01-01
0303040304011           	23	626.571	2012-01-01
0303040304012           	23	436.701	2012-01-01
0303040304013           	23	373.411	2012-01-01
0303040304014           	23	310.121	2012-01-01
0303040304021           	23	879.731	2012-01-01
0303040304022           	23	1132.891	2012-01-01
0303040304023           	23	626.571	2012-01-01
0303040304024           	23	816.441	2012-01-01
0303040304025           	23	626.571	2012-01-01
0303040304026           	23	436.701	2012-01-01
0303040304027           	23	373.411	2012-01-01
0303040304028           	23	310.121	2012-01-01
0303040304030           	23	5499.901	2012-01-01
0303040304035           	23	879.731	2012-01-01
0303040304036           	23	1132.891	2012-01-01
0303040304037           	23	626.571	2012-01-01
0303040304038           	23	816.441	2012-01-01
0303040304039           	23	626.571	2012-01-01
0303040304040           	23	436.701	2012-01-01
0303040304041           	23	373.411	2012-01-01
0303040304042           	23	569.61	2012-01-01
0303040304044           	23	5499.901	2012-01-01
0303040304049           	23	879.731	2012-01-01
0303040304050           	23	1132.891	2012-01-01
0303040304051           	23	626.571	2012-01-01
0303040304052           	23	816.441	2012-01-01
0303040304053           	23	626.571	2012-01-01
0303040304054           	23	436.701	2012-01-01
0303040304055           	23	373.411	2012-01-01
0303040304056           	23	569.61	2012-01-01
0303040304057           	23	5183.451	2012-01-01
0303040304063           	23	879.731	2012-01-01
0303040304064           	23	1132.891	2012-01-01
0303040304065           	23	626.571	2012-01-01
0303040304066           	23	816.441	2012-01-01
0303040304067           	23	626.571	2012-01-01
0303040304068           	23	5183.451	2012-01-01
0303040304074           	23	879.731	2012-01-01
0303040304075           	23	1132.891	2012-01-01
0303040304076           	23	626.571	2012-01-01
0303040304077           	23	816.441	2012-01-01
0303040304078           	23	626.571	2012-01-01
0303050305001           	23	14525.055	2012-01-01
0303050305002           	23	15816.171	2012-01-01
0303050305003           	23	4423.971	2012-01-01
0303050305004           	23	6322.671	2012-01-01
0303050305005           	23	1449.341	2012-01-01
0303050305006           	23	3158.171	2012-01-01
0303050305010           	23	1202.51	2012-01-01
0303050305011           	23	879.731	2012-01-01
0303050305012           	23	689.861	2012-01-01
0303050305013           	23	14525.055	2012-01-01
0303050305014           	23	15816.171	2012-01-01
0303050305015           	23	4423.971	2012-01-01
0303050305016           	23	6322.671	2012-01-01
0303050305017           	23	1449.341	2012-01-01
0303050305018           	23	3158.171	2012-01-01
0303050305022           	23	1202.51	2012-01-01
0303050305023           	23	879.731	2012-01-01
0303050305024           	23	689.861	2012-01-01
0303050305025           	23	14525.055	2012-01-01
0303050305026           	23	15816.171	2012-01-01
0303050305027           	23	4423.971	2012-01-01
0303050305028           	23	6322.671	2012-01-01
0303050305029           	23	1449.341	2012-01-01
0303050305030           	23	3158.171	2012-01-01
0303050305034           	23	1202.51	2012-01-01
0303050305035           	23	879.731	2012-01-01
0303050305036           	23	689.861	2012-01-01
0303050305037           	23	14525.055	2012-01-01
0303050305039           	23	4423.971	2012-01-01
0303050305040           	23	6322.671	2012-01-01
0303050305041           	23	1449.341	2012-01-01
0303050305042           	23	3158.171	2012-01-01
0303050305046           	23	1202.51	2012-01-01
0303050305047           	23	879.731	2012-01-01
0303050305048           	23	689.861	2012-01-01
0303050305049           	23	14525.055	2012-01-01
0303050305051           	23	4423.971	2012-01-01
0303050305052           	23	6322.671	2012-01-01
0303050305053           	23	1449.341	2012-01-01
0303050305054           	23	3158.171	2012-01-01
0303050305058           	23	1202.51	2012-01-01
0303050305059           	23	879.731	2012-01-01
0303050305060           	23	689.861	2012-01-01
0303050305061           	23	14525.055	2012-01-01
0303050305063           	23	4423.971	2012-01-01
0303050305064           	23	6322.671	2012-01-01
0303050305065           	23	1449.341	2012-01-01
0303050305066           	23	3158.171	2012-01-01
0303050305070           	23	1202.51	2012-01-01
0303050305071           	23	879.731	2012-01-01
0303050305072           	23	689.861	2012-01-01
0303050305075           	23	4423.971	2012-01-01
0303050305076           	23	6322.671	2012-01-01
0303050305077           	23	1449.341	2012-01-01
0303050305078           	23	3158.171	2012-01-01
0303050305082           	23	1202.51	2012-01-01
0303050305083           	23	879.731	2012-01-01
0303050305086           	23	4423.971	2012-01-01
0303050305087           	23	6322.671	2012-01-01
0303050305088           	23	1449.341	2012-01-01
0303050305089           	23	3158.171	2012-01-01
0303050305093           	23	1202.51	2012-01-01
0303050305094           	23	879.731	2012-01-01
0303050305097           	23	4423.971	2012-01-01
0303050305098           	23	6322.671	2012-01-01
0303050305099           	23	1449.341	2012-01-01
0303050305100           	23	3158.171	2012-01-01
0303060306001           	23	1006.311	2012-01-01
0303060306002           	23	1069.601	2012-01-01
0303060306003           	23	499.991	2012-01-01
0303060306005           	23	1386.051	2012-01-01
0303060306007           	23	499.991	2012-01-01
0303060306008           	23	575.939	2012-01-01
0303060306009           	23	493.662	2012-01-01
0303060306010           	23	734.164	2012-01-01
0303060306011           	23	765.809	2012-01-01
0303060306012           	23	860.744	2012-01-01
0303060306013           	23	816.441	2012-01-01
0303060306014           	23	1012.64	2012-01-01
0303060306017           	23	1322.761	2012-01-01
0303060306019           	23	1006.311	2012-01-01
0303060306020           	23	1443.012	2012-01-01
0303060306021           	23	1493.644	2012-01-01
0303060306022           	23	1569.592	2012-01-01
0303060306023           	23	1449.341	2012-01-01
0303060306024           	23	645.558	2012-01-01
0303060306025           	23	1031.627	2012-01-01
0303060306026           	23	1202.51	2012-01-01
0303060306027           	23	930.363	2012-01-01
0303060306028           	23	1189.852	2012-01-01
0303060306029           	23	1240.484	2012-01-01
0303060306030           	23	1006.311	2012-01-01
0303060306031           	23	1069.601	2012-01-01
0303060306032           	23	499.991	2012-01-01
0303060306034           	23	1386.051	2012-01-01
0303060306036           	23	499.991	2012-01-01
0303060306037           	23	575.939	2012-01-01
0303060306038           	23	493.662	2012-01-01
0303060306039           	23	734.164	2012-01-01
0303060306040           	23	765.809	2012-01-01
0303060306041           	23	860.744	2012-01-01
0303060306042           	23	816.441	2012-01-01
0303060306043           	23	1012.64	2012-01-01
0303060306046           	23	1322.761	2012-01-01
0303060306048           	23	1006.311	2012-01-01
0303060306049           	23	1443.012	2012-01-01
0303060306050           	23	1493.644	2012-01-01
0303060306051           	23	1569.592	2012-01-01
0303060306052           	23	1449.341	2012-01-01
0303060306053           	23	645.558	2012-01-01
0303060306054           	23	1031.627	2012-01-01
0303060306055           	23	1202.51	2012-01-01
0303060306056           	23	930.363	2012-01-01
0303060306057           	23	1189.852	2012-01-01
0303060306058           	23	1240.484	2012-01-01
0303060306059           	23	1006.311	2012-01-01
0303060306060           	23	1069.601	2012-01-01
0303060306061           	23	499.991	2012-01-01
0303060306063           	23	1386.051	2012-01-01
0303060306065           	23	499.991	2012-01-01
0303060306066           	23	575.939	2012-01-01
0303060306067           	23	493.662	2012-01-01
0303060306068           	23	734.164	2012-01-01
0303060306069           	23	765.809	2012-01-01
0303060306070           	23	860.744	2012-01-01
0303060306071           	23	816.441	2012-01-01
0303060306072           	23	1012.64	2012-01-01
0303060306075           	23	1322.761	2012-01-01
0303060306077           	23	1006.311	2012-01-01
0303060306078           	23	1443.012	2012-01-01
0303060306079           	23	1493.644	2012-01-01
0303060306080           	23	1569.592	2012-01-01
0303060306081           	23	1449.341	2012-01-01
0303060306082           	23	645.558	2012-01-01
0303060306083           	23	1031.627	2012-01-01
0303060306084           	23	1202.51	2012-01-01
0303060306085           	23	930.363	2012-01-01
0303060306086           	23	1189.852	2012-01-01
0303060306087           	23	1240.484	2012-01-01
0303060306088           	23	765.809	2012-01-01
0303060306089           	23	860.744	2012-01-01
0303060306090           	23	816.441	2012-01-01
0303060306092           	23	999.982	2012-01-01
0303060306095           	23	746.822	2012-01-01
0303060306096           	23	1006.311	2012-01-01
0303060306098           	23	1493.644	2012-01-01
0303060306101           	23	645.558	2012-01-01
0303080308001           	23	81.9606	2012-01-01
0303080308002           	23	252.5271	2012-01-01
0303080308003           	23	126.2636	2012-01-01
0303080308004           	23	104.4285	2012-01-01
0303080308005           	23	81.9606	2012-01-01
0303080308006           	23	85.4415	2012-01-01
0303080308008           	23	60.1255	2012-01-01
0303080308009           	23	72.7835	2012-01-01
0303080308010           	23	60.1255	2012-01-01
0303080308011           	23	72.7835	2012-01-01
0303080308012           	23	189.2371	2012-01-01
0303080308013           	23	161.3895	2012-01-01
0303080308014           	23	189.2371	2012-01-01
0303080308015           	23	176.5791	2012-01-01
0303080308017           	23	75.3151	2012-01-01
0303080308019           	23	106.9601	2012-01-01
0303080308021           	23	151.2631	2012-01-01
0303080308024           	23	125.9471	2012-01-01
0303080308025           	23	98.0995	2012-01-01
0303080308029           	23	100.6311	2012-01-01
0303080308030           	23	75.3151	2012-01-01
0303080308035           	23	87.9731	2012-01-01
0303080308036           	23	81.9606	2012-01-01
0303080308037           	23	252.5271	2012-01-01
0303080308038           	23	126.2636	2012-01-01
0303080308039           	23	104.4285	2012-01-01
0303080308040           	23	81.9606	2012-01-01
0303080308041           	23	85.4415	2012-01-01
0303080308043           	23	60.1255	2012-01-01
0303080308044           	23	72.7835	2012-01-01
0303080308045           	23	60.1255	2012-01-01
0303080308046           	23	72.7835	2012-01-01
0303080308047           	23	189.2371	2012-01-01
0303080308048           	23	161.3895	2012-01-01
0303080308049           	23	189.2371	2012-01-01
0303080308050           	23	176.5791	2012-01-01
0303080308052           	23	75.3151	2012-01-01
0303080308054           	23	106.9601	2012-01-01
0303080308056           	23	151.2631	2012-01-01
0303080308059           	23	125.9471	2012-01-01
0303080308060           	23	98.0995	2012-01-01
0303080308064           	23	100.6311	2012-01-01
0303080308065           	23	75.3151	2012-01-01
0303080308066           	23	81.9606	2012-01-01
0303080308067           	23	252.5271	2012-01-01
0303080308068           	23	126.2636	2012-01-01
0303080308069           	23	104.4285	2012-01-01
0303080308070           	23	81.9606	2012-01-01
0303080308071           	23	85.4415	2012-01-01
0303080308073           	23	60.1255	2012-01-01
0303080308074           	23	72.7835	2012-01-01
0303080308075           	23	60.1255	2012-01-01
0303080308076           	23	72.7835	2012-01-01
0303080308077           	23	189.2371	2012-01-01
0303080308078           	23	161.3895	2012-01-01
0303080308079           	23	189.2371	2012-01-01
0303080308080           	23	176.5791	2012-01-01
0303080308082           	23	75.3151	2012-01-01
0303080308084           	23	106.9601	2012-01-01
0303080308086           	23	151.2631	2012-01-01
0303080308089           	23	125.9471	2012-01-01
0303080308090           	23	98.0995	2012-01-01
0303080308094           	23	100.6311	2012-01-01
0303080308095           	23	75.3151	2012-01-01
0303080308100           	23	170.2501	2012-01-01
0303080308101           	23	170.2501	2012-01-01
0303080308102           	23	170.2501	2012-01-01
0303080308103           	23	170.2501	2012-01-01
0303080308104           	23	98.7324	2012-01-01
0303080308106           	23	98.7324	2012-01-01
0303080308107           	23	98.7324	2012-01-01
0303080308121           	23	322.7157	2012-01-01
0303080308122           	23	322.7157	2012-01-01
0303080308123           	23	322.7157	2012-01-01
0303080308127           	23	442.9667	2012-01-01
0303080308137           	23	82.277	2012-01-01
0303080308138           	23	82.277	2012-01-01
0303080308139           	23	82.277	2012-01-01
0303080308140           	23	82.277	2012-01-01
0303080308145           	23	316.45	2012-01-01
0303080308146           	23	316.45	2012-01-01
0303080308147           	23	316.45	2012-01-01
0303080308148           	23	316.45	2012-01-01
0303080308153           	23	264.1092	2012-01-01
0303080308154           	23	264.1092	2012-01-01
0303080308155           	23	264.1092	2012-01-01
0303080308156           	23	264.1092	2012-01-01
0303080308157           	23	278.476	2012-01-01
0303080308158           	23	278.476	2012-01-01
0303080308159           	23	278.476	2012-01-01
0303080308160           	23	278.476	2012-01-01
0303080308161           	23	480.9407	2012-01-01
0303080308162           	23	480.9407	2012-01-01
0303080308163           	23	480.9407	2012-01-01
0303080308164           	23	480.9407	2012-01-01
0303080308165           	23	645.558	2012-01-01
0303080308166           	23	645.558	2012-01-01
0303080308167           	23	645.558	2012-01-01
0303080308168           	23	645.558	2012-01-01
0303080308185           	23	215.1227	2012-01-01
0303080308186           	23	215.1227	2012-01-01
0303080308187           	23	215.1227	2012-01-01
0303080308188           	23	215.1227	2012-01-01
0303080308189           	23	348.095	2012-01-01
0303080308190           	23	348.095	2012-01-01
0303080308191           	23	348.095	2012-01-01
0303080308192           	23	499.991	2012-01-01
0303080308193           	23	499.991	2012-01-01
0303080308194           	23	499.991	2012-01-01
0303080308195           	23	499.991	2012-01-01
0303080308199           	23	265.7547	2012-01-01
0303080308200           	23	265.7547	2012-01-01
0303080308201           	23	265.7547	2012-01-01
0404010401003           	23	936.692	2012-01-01
0404010401004           	23	1044.285	2012-01-01
0404010401005           	23	1189.852	2012-01-01
0404010401006           	23	1696.172	2012-01-01
0404010401008           	23	1778.449	2012-01-01
0404010401009           	23	1167.7005	2012-01-01
0404010401010           	23	1193.0165	2012-01-01
0404010401011           	23	1182.8901	2012-01-01
0404010401012           	23	1246.1801	2012-01-01
0404010401013           	23	1253.142	2012-01-01
0404010401014           	23	1461.999	2012-01-01
0404010401015           	23	816.441	2012-01-01
0404010401017           	23	936.692	2012-01-01
0404010401019           	23	1189.852	2012-01-01
0404010401021           	23	1835.41	2012-01-01
0404010401024           	23	1193.0165	2012-01-01
0404010401025           	23	1182.8901	2012-01-01
0404010401027           	23	1253.142	2012-01-01
0404010401028           	23	1461.999	2012-01-01
0404010401029           	23	816.441	2012-01-01
0404010401030           	23	1265.80	2012-01-01
0404010401031           	23	936.692	2012-01-01
0404010401032           	23	1044.285	2012-01-01
0404010401033           	23	1189.852	2012-01-01
0404010401034           	23	1696.172	2012-01-01
0404010401035           	23	1835.41	2012-01-01
0404010401036           	23	1778.449	2012-01-01
0404010401037           	23	1167.7005	2012-01-01
0404010401038           	23	1193.0165	2012-01-01
0404010401039           	23	1182.8901	2012-01-01
0404010401041           	23	1253.142	2012-01-01
0404010401042           	23	1461.999	2012-01-01
0404010401043           	23	816.441	2012-01-01
0404010401044           	23	1265.80	2012-01-01
0404010401045           	23	936.692	2012-01-01
0404010401046           	23	1044.285	2012-01-01
0404010401047           	23	1189.852	2012-01-01
0404010401048           	23	1696.172	2012-01-01
0404010401050           	23	1778.449	2012-01-01
0404010401052           	23	1193.0165	2012-01-01
0404010401054           	23	1246.1801	2012-01-01
0404010401057           	23	816.441	2012-01-01
0404010401058           	23	1265.80	2012-01-01
0404010401060           	23	1044.285	2012-01-01
0404010401061           	23	1189.852	2012-01-01
0404010401062           	23	1696.172	2012-01-01
0404010401063           	23	1835.41	2012-01-01
0404010401064           	23	1778.449	2012-01-01
0404010401065           	23	1167.7005	2012-01-01
0404010401066           	23	1193.0165	2012-01-01
0404010401067           	23	1182.8901	2012-01-01
0404010401068           	23	1246.1801	2012-01-01
0404010401069           	23	1253.142	2012-01-01
0404010401070           	23	1461.999	2012-01-01
0404010401071           	23	816.441	2012-01-01
0404010401072           	23	1265.80	2012-01-01
0404010401074           	23	1044.285	2012-01-01
0404010401075           	23	1189.852	2012-01-01
0404010401076           	23	1696.172	2012-01-01
0404010401077           	23	1835.41	2012-01-01
0404010401078           	23	1778.449	2012-01-01
0404010401079           	23	1167.7005	2012-01-01
0404010401080           	23	1193.0165	2012-01-01
0404010401081           	23	1182.8901	2012-01-01
0404010401083           	23	1253.142	2012-01-01
0404010401085           	23	816.441	2012-01-01
0404010401087           	23	936.692	2012-01-01
0404010401090           	23	1696.172	2012-01-01
0404010401091           	23	1835.41	2012-01-01
0404010401092           	23	1778.449	2012-01-01
0404010401093           	23	1167.7005	2012-01-01
0404010401094           	23	1193.0165	2012-01-01
0404010401095           	23	1182.8901	2012-01-01
0404010401096           	23	1246.1801	2012-01-01
0404010401097           	23	1253.142	2012-01-01
0404010401098           	23	1461.999	2012-01-01
0404010401099           	23	1253.142	2012-01-01
0404010401100           	23	1461.999	2012-01-01
0404020402001           	23	3968.283	2012-01-01
0404020402002           	23	3721.452	2012-01-01
0404020402003           	23	1974.648	2012-01-01
0404020402004           	23	2139.202	2012-01-01
0404020402005           	23	2702.483	2012-01-01
0404020402007           	23	1974.648	2012-01-01
0404020402008           	23	2139.202	2012-01-01
0404020402009           	23	3968.283	2012-01-01
0404020402010           	23	3721.452	2012-01-01
0404020402011           	23	1974.648	2012-01-01
0404020402012           	23	2139.202	2012-01-01
0404020402013           	23	3968.283	2012-01-01
0404020402014           	23	3721.452	2012-01-01
0404020402016           	23	2139.202	2012-01-01
0404020402018           	23	3721.452	2012-01-01
0404020402020           	23	2139.202	2012-01-01
0404020402023           	23	1974.648	2012-01-01
0404020402024           	23	2139.202	2012-01-01
0404020402026           	23	3721.452	2012-01-01
0404020402027           	23	1974.648	2012-01-01
0404020402028           	23	2139.202	2012-01-01
0404020402029           	23	2702.483	2012-01-01
0404020402030           	23	3721.452	2012-01-01
0404020402031           	23	1974.648	2012-01-01
0404020402032           	23	2139.202	2012-01-01
0404020402033           	23	4031.573	2012-01-01
0404020402034           	23	3594.872	2012-01-01
0404020402035           	23	1987.306	2012-01-01
0404020402036           	23	2265.782	2012-01-01
0404020402037           	23	4088.534	2012-01-01
0404020402038           	23	3594.872	2012-01-01
0404020402040           	23	2265.782	2012-01-01
0404020402041           	23	4088.534	2012-01-01
0404020402042           	23	3594.872	2012-01-01
0404020402043           	23	1924.016	2012-01-01
0404020402044           	23	2265.782	2012-01-01
0404020402045           	23	4259.417	2012-01-01
0404020402046           	23	3594.872	2012-01-01
0404020402047           	23	2101.228	2012-01-01
0404020402049           	23	4259.417	2012-01-01
0404020402051           	23	2101.228	2012-01-01
0404020402053           	23	3999.928	2012-01-01
0404020402056           	23	2265.782	2012-01-01
0404020402057           	23	3999.928	2012-01-01
0404020402059           	23	2170.847	2012-01-01
0404020402060           	23	2265.782	2012-01-01
0404020402061           	23	2702.483	2012-01-01
0404020402062           	23	3594.872	2012-01-01
0404020402063           	23	2037.938	2012-01-01
0404020402064           	23	2265.782	2012-01-01
0404020402065           	23	3980.941	2012-01-01
0404020402066           	23	2760.7098	2012-01-01
0404020402067           	23	1911.358	2012-01-01
0404020402068           	23	2075.912	2012-01-01
0404020402069           	23	4082.205	2012-01-01
0404020402070           	23	2760.7098	2012-01-01
0404020402071           	23	2113.886	2012-01-01
0404020402073           	23	4082.205	2012-01-01
0404020402074           	23	2760.7098	2012-01-01
0404020402075           	23	2113.886	2012-01-01
0404020402076           	23	2075.912	2012-01-01
0404020402077           	23	4158.153	2012-01-01
0404020402078           	23	2760.7098	2012-01-01
0404020402079           	23	2101.228	2012-01-01
0404020402080           	23	2075.912	2012-01-01
0404020402082           	23	2760.7098	2012-01-01
0404020402084           	23	2075.912	2012-01-01
0404020402086           	23	2760.7098	2012-01-01
0404020402089           	23	3968.283	2012-01-01
0404020402090           	23	2760.7098	2012-01-01
0404020402092           	23	2075.912	2012-01-01
0404020402093           	23	3041.0845	2012-01-01
0404020402094           	23	2760.7098	2012-01-01
0404020402095           	23	2480.3351	2012-01-01
0404020402096           	23	2075.912	2012-01-01
0404020402097           	23	3041.0845	2012-01-01
0404020402098           	23	2760.7098	2012-01-01
0404020402099           	23	2480.3351	2012-01-01
0404020402100           	23	2075.912	2012-01-01
0404050405001           	23	3797.40	2012-01-01
0404050405002           	23	3582.214	2012-01-01
0404050405003           	23	4006.257	2012-01-01
0404050405004           	23	4145.495	2012-01-01
0404050405005           	23	2670.838	2012-01-01
0404050405006           	23	2734.128	2012-01-01
0404050405007           	23	2601.219	2012-01-01
0404050405008           	23	2594.89	2012-01-01
0404050405009           	23	6329.00	2012-01-01
0404050405010           	23	6322.671	2012-01-01
0404050405011           	23	6316.342	2012-01-01
0404050405012           	23	6202.42	2012-01-01
0404050405017           	23	5632.81	2012-01-01
0404050405018           	23	5569.52	2012-01-01
0404050405019           	23	5442.94	2012-01-01
0404050405020           	23	5379.65	2012-01-01
0404050405021           	23	1139.22	2012-01-01
0404050405022           	23	1075.93	2012-01-01
0404050405023           	23	1044.285	2012-01-01
0404050405024           	23	1012.64	2012-01-01
0404050405025           	23	3797.40	2012-01-01
0404050405026           	23	3582.214	2012-01-01
0404050405027           	23	4006.257	2012-01-01
0404050405028           	23	4145.495	2012-01-01
0404050405029           	23	2670.838	2012-01-01
0404050405030           	23	2734.128	2012-01-01
0404050405031           	23	2601.219	2012-01-01
0404050405032           	23	2594.89	2012-01-01
0404050405033           	23	6329.00	2012-01-01
0404050405034           	23	6322.671	2012-01-01
0404050405035           	23	6316.342	2012-01-01
0404050405036           	23	6202.42	2012-01-01
0404050405041           	23	5632.81	2012-01-01
0404050405042           	23	5569.52	2012-01-01
0404050405043           	23	5442.94	2012-01-01
0404050405044           	23	5379.65	2012-01-01
0404050405045           	23	1139.22	2012-01-01
0404050405046           	23	1075.93	2012-01-01
0404050405047           	23	1044.285	2012-01-01
0404050405048           	23	1012.64	2012-01-01
0404050405049           	23	3797.40	2012-01-01
0404050405050           	23	3582.214	2012-01-01
0404050405051           	23	4006.257	2012-01-01
0404050405052           	23	4145.495	2012-01-01
0404050405053           	23	2670.838	2012-01-01
0404050405054           	23	2734.128	2012-01-01
0404050405055           	23	2601.219	2012-01-01
0404050405056           	23	2594.89	2012-01-01
0404050405057           	23	6329.00	2012-01-01
0404050405058           	23	6322.671	2012-01-01
0404050405059           	23	6316.342	2012-01-01
0404050405060           	23	6202.42	2012-01-01
0404050405065           	23	5632.81	2012-01-01
0404050405066           	23	5569.52	2012-01-01
0404050405067           	23	5442.94	2012-01-01
0404050405068           	23	5379.65	2012-01-01
0404050405069           	23	1139.22	2012-01-01
0404050405070           	23	1075.93	2012-01-01
0404050405071           	23	1044.285	2012-01-01
0404050405072           	23	1012.64	2012-01-01
0404050405073           	23	3923.98	2012-01-01
0404050405074           	23	3518.924	2012-01-01
0404050405075           	23	4037.902	2012-01-01
0404050405078           	23	3050.578	2012-01-01
0404050405080           	23	2911.34	2012-01-01
0404050405081           	23	6518.87	2012-01-01
0404050405082           	23	6329.00	2012-01-01
0404050405084           	23	6253.052	2012-01-01
0404050405085           	23	10252.98	2012-01-01
0404050405086           	23	9873.24	2012-01-01
0404050405088           	23	9493.50	2012-01-01
0404050405089           	23	5620.152	2012-01-01
0404050405092           	23	5303.702	2012-01-01
0404050405093           	23	1189.852	2012-01-01
0404050405094           	23	1126.562	2012-01-01
0404050405095           	23	1063.272	2012-01-01
0404050405099           	23	5303.702	2012-01-01
0404050405100           	23	1189.852	2012-01-01
0404050405101           	23	1126.562	2012-01-01
0404050405102           	23	1063.272	2012-01-01
0404060406001           	23	316.3867	2012-01-01
0404060406002           	23	316.3867	2012-01-01
0404060406003           	23	316.3867	2012-01-01
0404060406004           	23	379.6767	2012-01-01
0404060406005           	23	379.6767	2012-01-01
0404060406006           	23	379.6767	2012-01-01
0404060406007           	23	126.5167	2012-01-01
0404060406008           	23	126.5167	2012-01-01
0404060406009           	23	126.5167	2012-01-01
0404060406010           	23	126.5167	2012-01-01
0404060406014           	23	234.1097	2012-01-01
0404060406015           	23	234.1097	2012-01-01
0404060406016           	23	234.1097	2012-01-01
0404060406020           	23	316.1968	2012-01-01
0404060406021           	23	316.1968	2012-01-01
0404060406022           	23	316.1968	2012-01-01
0404060406023           	23	316.1968	2012-01-01
0404060406024           	23	43.9866	2012-01-01
0404060406025           	23	43.9866	2012-01-01
0404060406026           	23	43.9866	2012-01-01
0404060406027           	23	43.9866	2012-01-01
0404060406036           	23	158.1617	2012-01-01
0404060406037           	23	158.1617	2012-01-01
0404060406038           	23	158.1617	2012-01-01
0404060406039           	23	158.1617	2012-01-01
0404060406040           	23	493.5987	2012-01-01
0404060406041           	23	493.5987	2012-01-01
0404060406042           	23	493.5987	2012-01-01
0404060406043           	23	493.5987	2012-01-01
0404060406047           	23	3765.755	2012-01-01
0404060406050           	23	158.225	2012-01-01
0404060406051           	23	158.225	2012-01-01
0404060406052           	23	158.225	2012-01-01
0404060406053           	23	158.225	2012-01-01
0404060406058           	23	430.372	2012-01-01
0404060406059           	23	430.372	2012-01-01
0404060406060           	23	430.372	2012-01-01
0404060406061           	23	430.372	2012-01-01
0404060406062           	23	177.212	2012-01-01
0404060406063           	23	177.212	2012-01-01
0404060406064           	23	177.212	2012-01-01
0404060406065           	23	177.212	2012-01-01
0505010501001           	23	63.2267	2012-01-01
0505010501002           	23	82.2137	2012-01-01
0505010501003           	23	107.5297	2012-01-01
0505010501004           	23	145.5037	2012-01-01
0505010501005           	23	170.8197	2012-01-01
0505010501006           	23	183.4777	2012-01-01
0505010501008           	23	227.7807	2012-01-01
0505010501009           	23	246.7677	2012-01-01
0505010501010           	23	253.0967	2012-01-01
0505010501011           	23	272.0837	2012-01-01
0505010501012           	23	297.3997	2012-01-01
0505010501013           	23	316.3867	2012-01-01
0505010501014           	23	107.5297	2012-01-01
0505010501015           	23	145.5037	2012-01-01
0505010501017           	23	183.4777	2012-01-01
0505010501019           	23	227.7807	2012-01-01
0505010501021           	23	277.2735	2012-01-01
0505010501024           	23	227.7807	2012-01-01
0505010501025           	23	89.8085	2012-01-01
0505010501027           	23	265.818	2012-01-01
0505010501028           	23	196.199	2012-01-01
0505010501029           	23	101.264	2012-01-01
0505010501030           	23	139.238	2012-01-01
0505010501031           	23	145.567	2012-01-01
0505010501032           	23	132.909	2012-01-01
0505010501033           	23	145.5037	2012-01-01
0505010501034           	23	63.2267	2012-01-01
0505010501035           	23	82.2137	2012-01-01
0505010501036           	23	107.5297	2012-01-01
0505010501037           	23	145.5037	2012-01-01
0505010501038           	23	170.8197	2012-01-01
0505010501039           	23	183.4777	2012-01-01
0505010501041           	23	227.7807	2012-01-01
0505010501042           	23	246.7677	2012-01-01
0505010501043           	23	253.0967	2012-01-01
0505010501044           	23	272.0837	2012-01-01
0505010501045           	23	297.3997	2012-01-01
0505010501046           	23	316.3867	2012-01-01
0505010501047           	23	107.5297	2012-01-01
0505010501048           	23	145.5037	2012-01-01
0505010501050           	23	183.4777	2012-01-01
0505010501052           	23	227.7807	2012-01-01
0505010501054           	23	277.2735	2012-01-01
0505010501057           	23	227.7807	2012-01-01
0505010501058           	23	89.8085	2012-01-01
0505010501060           	23	265.818	2012-01-01
0505010501061           	23	196.199	2012-01-01
0505010501062           	23	101.264	2012-01-01
0505010501063           	23	139.238	2012-01-01
0505010501064           	23	145.567	2012-01-01
0505010501065           	23	132.909	2012-01-01
0505010501066           	23	145.5037	2012-01-01
0505010501067           	23	63.2267	2012-01-01
0505010501068           	23	82.2137	2012-01-01
0505010501069           	23	107.5297	2012-01-01
0505010501070           	23	145.5037	2012-01-01
0505010501071           	23	170.8197	2012-01-01
0505010501072           	23	183.4777	2012-01-01
0505010501074           	23	227.7807	2012-01-01
0505010501075           	23	246.7677	2012-01-01
0505010501076           	23	253.0967	2012-01-01
0505010501077           	23	272.0837	2012-01-01
0505010501078           	23	297.3997	2012-01-01
0505010501079           	23	316.3867	2012-01-01
0505010501080           	23	107.5297	2012-01-01
0505010501081           	23	145.5037	2012-01-01
0505010501083           	23	183.4777	2012-01-01
0505010501085           	23	227.7807	2012-01-01
0505010501087           	23	277.2735	2012-01-01
0505010501090           	23	227.7807	2012-01-01
0505010501091           	23	89.8085	2012-01-01
0505030503002           	23	3727.781	2012-01-01
0505030503003           	23	1455.67	2012-01-01
0505030503004           	23	1696.172	2012-01-01
0505030503005           	23	1829.081	2012-01-01
0505030503008           	23	1898.70	2012-01-01
0505030503009           	23	1949.332	2012-01-01
0505030503011           	23	1854.397	2012-01-01
0505030503012           	23	1632.882	2012-01-01
0505030503013           	23	1259.471	2012-01-01
0505030503014           	23	1835.41	2012-01-01
0505030503015           	23	1905.029	2012-01-01
0505030503016           	23	1196.181	2012-01-01
0505030503017           	23	1265.80	2012-01-01
0505030503019           	23	3727.781	2012-01-01
0505030503020           	23	1455.67	2012-01-01
0505030503021           	23	1696.172	2012-01-01
0505030503022           	23	1829.081	2012-01-01
0505030503025           	23	1898.70	2012-01-01
0505030503026           	23	1949.332	2012-01-01
0505030503028           	23	1854.397	2012-01-01
0505030503029           	23	1632.882	2012-01-01
0505030503030           	23	1259.471	2012-01-01
0505030503031           	23	1835.41	2012-01-01
0505030503032           	23	1905.029	2012-01-01
0505030503033           	23	1196.181	2012-01-01
0505030503034           	23	1265.80	2012-01-01
0505030503036           	23	3727.781	2012-01-01
0505030503037           	23	1455.67	2012-01-01
0505030503038           	23	1696.172	2012-01-01
0505030503039           	23	1829.081	2012-01-01
0505030503042           	23	1898.70	2012-01-01
0505030503043           	23	1949.332	2012-01-01
0505030503045           	23	1854.397	2012-01-01
0505030503046           	23	1632.882	2012-01-01
0505030503047           	23	1259.471	2012-01-01
0505030503048           	23	1835.41	2012-01-01
0505030503049           	23	1905.029	2012-01-01
0505030503050           	23	1196.181	2012-01-01
0505030503051           	23	1265.80	2012-01-01
0505030503053           	23	1898.70	2012-01-01
0505030503054           	23	1949.332	2012-01-01
0505030503056           	23	1854.397	2012-01-01
0505030503057           	23	1632.882	2012-01-01
0505030503058           	23	1259.471	2012-01-01
0505030503059           	23	1835.41	2012-01-01
0505030503060           	23	1905.029	2012-01-01
0505030503061           	23	1196.181	2012-01-01
0505030503062           	23	1265.80	2012-01-01
0505040504001           	23	816.441	2012-01-01
0505040504005           	23	1316.432	2012-01-01
0505040504006           	23	1455.67	2012-01-01
0505040504008           	23	1689.843	2012-01-01
0505040504009           	23	1898.70	2012-01-01
0505040504010           	23	1961.99	2012-01-01
0505040504011           	23	816.441	2012-01-01
0505040504015           	23	1316.432	2012-01-01
0505040504016           	23	1455.67	2012-01-01
0505040504018           	23	1689.843	2012-01-01
0505040504019           	23	1898.70	2012-01-01
0505040504020           	23	1961.99	2012-01-01
0505040504021           	23	816.441	2012-01-01
0505040504025           	23	1316.432	2012-01-01
0505040504026           	23	1455.67	2012-01-01
0505040504028           	23	1689.843	2012-01-01
0505040504029           	23	1898.70	2012-01-01
0505040504030           	23	1961.99	2012-01-01
0505040504031           	23	816.441	2012-01-01
0505040504035           	23	1316.432	2012-01-01
0505040504036           	23	1455.67	2012-01-01
0505040504038           	23	1689.843	2012-01-01
0505040504039           	23	1898.70	2012-01-01
0505040504040           	23	1961.99	2012-01-01
0505040504041           	23	816.441	2012-01-01
0505040504045           	23	1316.432	2012-01-01
0505040504046           	23	1455.67	2012-01-01
0505040504048           	23	1689.843	2012-01-01
0505040504049           	23	1898.70	2012-01-01
0505040504050           	23	1961.99	2012-01-01
0505040504051           	23	1772.12	2012-01-01
0505040504052           	23	1961.99	2012-01-01
0505040504053           	23	2405.02	2012-01-01
0505040504054           	23	1892.371	2012-01-01
0505040504055           	23	2088.57	2012-01-01
0505040504056           	23	2544.258	2012-01-01
0505040504058           	23	1696.172	2012-01-01
0505040504059           	23	1911.358	2012-01-01
0505040504060           	23	1613.895	2012-01-01
0505040504061           	23	1683.514	2012-01-01
0505040504062           	23	2461.981	2012-01-01
0505040504063           	23	1772.12	2012-01-01
0505040504065           	23	2518.942	2012-01-01
0505040504066           	23	1696.172	2012-01-01
0505040504068           	23	2329.072	2012-01-01
0505040504072           	23	1892.371	2012-01-01
0505040504073           	23	2088.57	2012-01-01
0505040504076           	23	1696.172	2012-01-01
0505040504078           	23	1613.895	2012-01-01
0505040504080           	23	2461.981	2012-01-01
0505040504081           	23	1772.12	2012-01-01
0505040504083           	23	2518.942	2012-01-01
0505040504084           	23	1696.172	2012-01-01
0505040504085           	23	1886.042	2012-01-01
0505040504088           	23	1961.99	2012-01-01
0505040504089           	23	2405.02	2012-01-01
0505040504090           	23	1892.371	2012-01-01
0505040504092           	23	2544.258	2012-01-01
0505040504093           	23	1506.302	2012-01-01
0505040504095           	23	1911.358	2012-01-01
0505040504098           	23	2461.981	2012-01-01
0505040504099           	23	1772.12	2012-01-01
0606020602006           	23	82.2137	2012-01-01
0606020602012           	23	113.8587	2012-01-01
0606020602013           	23	87.9098	2012-01-01
0606020602014           	23	63.2267	2012-01-01
0606020602015           	23	144.8708	2012-01-01
0606020602016           	23	80.1251	2012-01-01
0606020602017           	23	113.8587	2012-01-01
0606020602018           	23	87.9098	2012-01-01
0606020602019           	23	63.2267	2012-01-01
0606020602020           	23	144.8708	2012-01-01
0606020602021           	23	80.1251	2012-01-01
0606020602022           	23	113.8587	2012-01-01
0606020602023           	23	87.9098	2012-01-01
0606020602024           	23	63.2267	2012-01-01
0606020602025           	23	144.8708	2012-01-01
0606020602026           	23	80.1251	2012-01-01
0606020602031           	23	1012.5767	2012-01-01
0606020602032           	23	1139.1567	2012-01-01
0606020602033           	23	696.1267	2012-01-01
0606020602034           	23	1645.4767	2012-01-01
0606020602035           	23	1835.3467	2012-01-01
0606020602036           	23	1012.5767	2012-01-01
0606020602037           	23	1139.1567	2012-01-01
0606020602038           	23	696.1267	2012-01-01
0606020602039           	23	1645.4767	2012-01-01
0606020602040           	23	1835.3467	2012-01-01
0606020602041           	23	1012.5767	2012-01-01
0606020602042           	23	1139.1567	2012-01-01
0606020602043           	23	696.1267	2012-01-01
0606020602044           	23	1645.4767	2012-01-01
0606020602045           	23	1835.3467	2012-01-01
0606020602051           	23	82.2137	2012-01-01
0606020602057           	23	113.8587	2012-01-01
0606020602058           	23	87.9098	2012-01-01
0606020602059           	23	63.2267	2012-01-01
0606020602060           	23	144.8708	2012-01-01
0606020602061           	23	80.1251	2012-01-01
0606020602062           	23	113.8587	2012-01-01
0606020602063           	23	87.9098	2012-01-01
0606020602064           	23	63.2267	2012-01-01
0606020602065           	23	144.8708	2012-01-01
0606020602066           	23	80.1251	2012-01-01
0606020602067           	23	113.8587	2012-01-01
0606020602068           	23	87.9098	2012-01-01
0606020602069           	23	63.2267	2012-01-01
0606020602070           	23	144.8708	2012-01-01
0606020602071           	23	80.1251	2012-01-01
0606020602076           	23	1012.5767	2012-01-01
0606020602077           	23	1139.1567	2012-01-01
0606020602078           	23	696.1267	2012-01-01
0606020602079           	23	1645.4767	2012-01-01
0606020602080           	23	1835.3467	2012-01-01
0606020602081           	23	1012.5767	2012-01-01
0606020602082           	23	1139.1567	2012-01-01
0606020602083           	23	696.1267	2012-01-01
0606020602084           	23	1645.4767	2012-01-01
0606020602085           	23	1835.3467	2012-01-01
0606020602086           	23	1012.5767	2012-01-01
0606020602087           	23	1139.1567	2012-01-01
0606020602088           	23	696.1267	2012-01-01
0606020602089           	23	1645.4767	2012-01-01
0606020602090           	23	1835.3467	2012-01-01
0707010701002           	23	44.2397	2012-01-01
0707010701004           	23	56.8977	2012-01-01
0707010701005           	23	31.5817	2012-01-01
0707010701006           	23	106.8968	2012-01-01
0707010701008           	23	44.2397	2012-01-01
0707010701010           	23	56.8977	2012-01-01
0707010701011           	23	31.5817	2012-01-01
0707010701012           	23	106.8968	2012-01-01
0707010701014           	23	44.2397	2012-01-01
0707010701016           	23	56.8977	2012-01-01
0707010701017           	23	31.5817	2012-01-01
0707010701018           	23	106.8968	2012-01-01
0707010701020           	23	44.2397	2012-01-01
0707010701022           	23	56.8977	2012-01-01
0707010701023           	23	31.5817	2012-01-01
0707010701024           	23	106.8968	2012-01-01
0707010701026           	23	44.2397	2012-01-01
0707010701028           	23	56.2015	2012-01-01
0707010701029           	23	31.5184	2012-01-01
0707010701030           	23	107.5297	2012-01-01
0707010701032           	23	44.2397	2012-01-01
0707010701034           	23	56.2015	2012-01-01
0707010701035           	23	31.5184	2012-01-01
0707010701036           	23	107.5297	2012-01-01
0707010701038           	23	44.2397	2012-01-01
0707010701040           	23	56.2015	2012-01-01
0707010701041           	23	31.5184	2012-01-01
0707010701042           	23	107.5297	2012-01-01
0707010701044           	23	44.2397	2012-01-01
0707010701046           	23	56.2015	2012-01-01
0707020702001           	23	443.8528	2012-01-01
0707020702002           	23	443.8528	2012-01-01
0707020702003           	23	443.8528	2012-01-01
0707020702004           	23	443.8528	2012-01-01
0707020702005           	23	443.8528	2012-01-01
0707020702006           	23	443.8528	2012-01-01
0707020702007           	23	443.8528	2012-01-01
0707020702008           	23	443.8528	2012-01-01
0707020702009           	23	443.8528	2012-01-01
0707020702010           	23	443.8528	2012-01-01
0707020702011           	23	443.8528	2012-01-01
0707020702012           	23	443.8528	2012-01-01
0707020702013           	23	443.8528	2012-01-01
0707020702014           	23	443.8528	2012-01-01
0707020702015           	23	443.8528	2012-01-01
0707020702016           	23	354.424	2012-01-01
0707020702017           	23	354.424	2012-01-01
0707020702018           	23	354.424	2012-01-01
0707020702021           	23	354.424	2012-01-01
0707020702022           	23	505.0542	2012-01-01
0707020702024           	23	491.6367	2012-01-01
0707020702025           	23	458.5361	2012-01-01
0707020702026           	23	458.5361	2012-01-01
0707020702027           	23	144.2253	2012-01-01
0707020702028           	23	177.212	2012-01-01
0707020702029           	23	177.212	2012-01-01
0707020702030           	23	177.212	2012-01-01
0707020702031           	23	177.212	2012-01-01
0707020702034           	23	177.212	2012-01-01
0707020702035           	23	177.212	2012-01-01
0707020702036           	23	177.212	2012-01-01
0707020702037           	23	177.212	2012-01-01
0707020702038           	23	177.212	2012-01-01
0707020702039           	23	689.861	2012-01-01
0707020702040           	23	689.861	2012-01-01
0707020702041           	23	689.861	2012-01-01
0707020702042           	23	689.861	2012-01-01
0707020702043           	23	689.861	2012-01-01
0707020702044           	23	689.861	2012-01-01
0707020702045           	23	689.861	2012-01-01
0707020702046           	23	563.281	2012-01-01
0707020702047           	23	563.281	2012-01-01
0707020702048           	23	563.281	2012-01-01
0707020702049           	23	410.7521	2012-01-01
0707020702050           	23	410.7521	2012-01-01
0707020702051           	23	353.7911	2012-01-01
0707020702052           	23	319.8677	2012-01-01
0707020702053           	23	663.8488	2012-01-01
0707020702054           	23	599.9892	2012-01-01
0707020702055           	23	464.4853	2012-01-01
0707020702056           	23	198.6673	2012-01-01
0707020702057           	23	631.3177	2012-01-01
0707020702063           	23	215.186	2012-01-01
0707020702064           	23	215.186	2012-01-01
0707020702065           	23	215.186	2012-01-01
0707020702066           	23	215.186	2012-01-01
0707020702067           	23	272.147	2012-01-01
0707020702068           	23	272.147	2012-01-01
0707020702069           	23	272.147	2012-01-01
0707020702074           	23	272.147	2012-01-01
0707020702076           	23	272.147	2012-01-01
0707020702077           	23	272.147	2012-01-01
0707020702078           	23	272.147	2012-01-01
0707020702079           	23	272.147	2012-01-01
0707020702080           	23	272.147	2012-01-01
0707020702081           	23	272.147	2012-01-01
0707020702082           	23	272.147	2012-01-01
0707020702083           	23	272.147	2012-01-01
0707020702084           	23	272.147	2012-01-01
0707020702085           	23	272.147	2012-01-01
0707020702086           	23	272.147	2012-01-01
0707020702087           	23	272.147	2012-01-01
0707020702090           	23	272.147	2012-01-01
0707020702091           	23	272.147	2012-01-01
0707020702092           	23	272.147	2012-01-01
0707020702093           	23	164.554	2012-01-01
0707020702095           	23	202.528	2012-01-01
0707020702096           	23	202.528	2012-01-01
0707020702097           	23	202.528	2012-01-01
0707020702098           	23	202.528	2012-01-01
0707020702099           	23	202.528	2012-01-01
0707020702100           	23	202.528	2012-01-01
0707020702101           	23	202.528	2012-01-01
0707020702102           	23	202.528	2012-01-01
0707020702103           	23	202.528	2012-01-01
0707020702108           	23	202.528	2012-01-01
0707020702110           	23	202.528	2012-01-01
0707020702111           	23	202.528	2012-01-01
0707020702112           	23	202.528	2012-01-01
0707020702113           	23	202.528	2012-01-01
0707020702114           	23	202.528	2012-01-01
0707020702115           	23	202.528	2012-01-01
0707020702116           	23	202.528	2012-01-01
0707020702118           	23	202.528	2012-01-01
0707020702119           	23	202.528	2012-01-01
0707020702120           	23	202.528	2012-01-01
0808010801003           	23	11506.122	2012-01-01
0808010801004           	23	10120.071	2012-01-01
0808010801005           	23	6322.671	2012-01-01
0808010801008           	23	11506.122	2012-01-01
0808010801009           	23	10120.071	2012-01-01
0808010801010           	23	6322.671	2012-01-01
0808010801013           	23	11506.122	2012-01-01
0808010801014           	23	10120.071	2012-01-01
0808010801015           	23	6322.671	2012-01-01
0808010801018           	23	11506.122	2012-01-01
0808010801019           	23	10120.071	2012-01-01
0808010801020           	23	6322.671	2012-01-01
0808010801021           	23	16790.2041	2012-01-01
0808010801023           	23	11511.8181	2012-01-01
0808010801024           	23	10125.7671	2012-01-01
0808010801025           	23	6328.3671	2012-01-01
0808010801026           	23	16790.2041	2012-01-01
0808010801028           	23	11511.8181	2012-01-01
0808010801029           	23	10125.7671	2012-01-01
0808010801030           	23	6328.3671	2012-01-01
0808010801031           	23	16790.2041	2012-01-01
0808010801033           	23	11511.8181	2012-01-01
0808010801034           	23	10125.7671	2012-01-01
0808010801035           	23	6328.3671	2012-01-01
0808010801036           	23	16790.2041	2012-01-01
0808010801038           	23	11511.8181	2012-01-01
0808010801039           	23	10125.7671	2012-01-01
0808010801040           	23	6328.3671	2012-01-01
0808010801043           	23	11506.122	2012-01-01
0808010801044           	23	10120.071	2012-01-01
0808010801045           	23	6322.671	2012-01-01
0808010801048           	23	11506.122	2012-01-01
0808010801049           	23	10120.071	2012-01-01
0808010801050           	23	6322.671	2012-01-01
0808010801053           	23	11506.122	2012-01-01
0808010801054           	23	10120.071	2012-01-01
0808010801055           	23	6322.671	2012-01-01
0808010801058           	23	11506.122	2012-01-01
0808010801059           	23	10120.071	2012-01-01
0808010801060           	23	6322.671	2012-01-01
0808010801063           	23	11506.122	2012-01-01
0808010801064           	23	10120.071	2012-01-01
0808010801065           	23	6322.671	2012-01-01
0808010801068           	23	11506.122	2012-01-01
0808010801069           	23	10120.071	2012-01-01
0808010801070           	23	6322.671	2012-01-01
0808020802003           	23	3120.197	2012-01-01
0808020802004           	23	1898.6367	2012-01-01
0808020802005           	23	1772.0567	2012-01-01
0808020802006           	23	822.7067	2012-01-01
0808020802009           	23	3120.197	2012-01-01
0808020802010           	23	1898.6367	2012-01-01
0808020802011           	23	1772.0567	2012-01-01
0808020802012           	23	822.7067	2012-01-01
0808020802015           	23	3120.197	2012-01-01
0808020802016           	23	1898.6367	2012-01-01
0808020802017           	23	1772.0567	2012-01-01
0808020802018           	23	822.7067	2012-01-01
0808020802021           	23	3120.197	2012-01-01
0808020802022           	23	1898.6367	2012-01-01
0808020802023           	23	1772.0567	2012-01-01
0808020802024           	23	822.7067	2012-01-01
0808020802027           	23	3120.197	2012-01-01
0808020802028           	23	1898.6367	2012-01-01
0808020802029           	23	1772.0567	2012-01-01
0808020802030           	23	822.7067	2012-01-01
0808020802033           	23	3120.197	2012-01-01
0808020802034           	23	1898.6367	2012-01-01
0808020802035           	23	1772.0567	2012-01-01
0808020802036           	23	822.7067	2012-01-01
0808020802039           	23	3120.197	2012-01-01
0808020802040           	23	1898.6367	2012-01-01
0808020802041           	23	1772.0567	2012-01-01
0808020802042           	23	822.7067	2012-01-01
0808020802045           	23	3120.197	2012-01-01
0808020802046           	23	1898.6367	2012-01-01
0808020802047           	23	1772.0567	2012-01-01
0808020802048           	23	822.7067	2012-01-01
0808020802051           	23	3120.197	2012-01-01
0808020802052           	23	1898.6367	2012-01-01
0808020802053           	23	1772.0567	2012-01-01
0808020802054           	23	822.7067	2012-01-01
0808020802057           	23	3120.197	2012-01-01
0808020802058           	23	1898.6367	2012-01-01
0808020802059           	23	1772.0567	2012-01-01
0808020802060           	23	822.7067	2012-01-01
0808020802063           	23	3120.197	2012-01-01
0808020802064           	23	1898.6367	2012-01-01
0808020802065           	23	1772.0567	2012-01-01
0808020802066           	23	822.7067	2012-01-01
0808020802069           	23	3120.197	2012-01-01
0808020802070           	23	1898.6367	2012-01-01
0808020802071           	23	1772.0567	2012-01-01
0808020802072           	23	822.7067	2012-01-01
0808020802075           	23	3120.197	2012-01-01
0808020802076           	23	1898.6367	2012-01-01
0808020802077           	23	1772.0567	2012-01-01
0808020802078           	23	822.7067	2012-01-01
0808020802081           	23	3120.197	2012-01-01
0808020802082           	23	1898.6367	2012-01-01
0808020802083           	23	1772.0567	2012-01-01
0808020802084           	23	822.7067	2012-01-01
0808020802086           	23	3120.197	2012-01-01
0808030803003           	23	1139.1567	2012-01-01
0808030803004           	23	885.9967	2012-01-01
0808030803005           	23	632.8367	2012-01-01
0808030803006           	23	601.1917	2012-01-01
0808030803009           	23	1139.1567	2012-01-01
0808030803010           	23	885.9967	2012-01-01
0808030803011           	23	632.8367	2012-01-01
0808030803012           	23	601.1917	2012-01-01
0808030803015           	23	1139.1567	2012-01-01
0808030803016           	23	885.9967	2012-01-01
0808030803017           	23	632.8367	2012-01-01
0808030803018           	23	601.1917	2012-01-01
0808030803021           	23	1139.1567	2012-01-01
0808030803022           	23	885.9967	2012-01-01
0808030803023           	23	632.8367	2012-01-01
0808030803024           	23	601.1917	2012-01-01
0808030803027           	23	1139.1567	2012-01-01
0808030803028           	23	885.9967	2012-01-01
0808030803029           	23	632.8367	2012-01-01
0808030803030           	23	601.1917	2012-01-01
0808030803033           	23	1139.1567	2012-01-01
0808030803034           	23	885.9967	2012-01-01
0808030803035           	23	632.8367	2012-01-01
0808030803036           	23	601.1917	2012-01-01
0808030803037           	23	4214.7343	2012-01-01
0808030803039           	23	1139.1567	2012-01-01
0808030803040           	23	885.9967	2012-01-01
0808030803041           	23	632.8367	2012-01-01
0808030803042           	23	601.1917	2012-01-01
0808030803043           	23	4214.7343	2012-01-01
0808030803045           	23	1139.1567	2012-01-01
0808030803046           	23	885.9967	2012-01-01
0808030803047           	23	632.8367	2012-01-01
0808030803048           	23	601.1917	2012-01-01
0808030803049           	23	4214.7343	2012-01-01
0808030803051           	23	1139.1567	2012-01-01
0808030803052           	23	885.9967	2012-01-01
0808030803053           	23	632.8367	2012-01-01
0808030803054           	23	601.1917	2012-01-01
0808030803055           	23	4214.7343	2012-01-01
0808030803057           	23	1139.1567	2012-01-01
0808030803058           	23	885.9967	2012-01-01
0808030803059           	23	632.8367	2012-01-01
0808030803060           	23	601.1917	2012-01-01
0808030803061           	23	4214.7343	2012-01-01
0808030803063           	23	1139.1567	2012-01-01
0808030803064           	23	885.9967	2012-01-01
0808030803065           	23	632.8367	2012-01-01
0808030803066           	23	601.1917	2012-01-01
0808030803067           	23	4214.7343	2012-01-01
0808030803069           	23	1139.1567	2012-01-01
0808030803070           	23	885.9967	2012-01-01
0808030803071           	23	632.8367	2012-01-01
0808030803072           	23	601.1917	2012-01-01
0808030803075           	23	1139.1567	2012-01-01
0808030803076           	23	885.9967	2012-01-01
0808030803077           	23	632.8367	2012-01-01
0808030803078           	23	601.1917	2012-01-01
0808030803081           	23	1139.1567	2012-01-01
0808030803082           	23	885.9967	2012-01-01
0808030803083           	23	632.8367	2012-01-01
0808030803084           	23	601.1917	2012-01-01
0808030803087           	23	1139.1567	2012-01-01
0808030803088           	23	885.9967	2012-01-01
0808030803089           	23	632.8367	2012-01-01
0808030803090           	23	601.1917	2012-01-01
0808030803093           	23	1139.1567	2012-01-01
0808030803094           	23	885.9967	2012-01-01
0808030803095           	23	632.8367	2012-01-01
0808030803096           	23	601.1917	2012-01-01
0808030803099           	23	1139.1567	2012-01-01
0808030803100           	23	885.9967	2012-01-01
0808030803101           	23	632.8367	2012-01-01
0808030803102           	23	601.1917	2012-01-01
0808040804001           	23	9335.275	2012-01-01
0808040804003           	23	5006.239	2012-01-01
0808040804004           	23	3215.132	2012-01-01
0808040804005           	23	1629.7175	2012-01-01
0808040804006           	23	9335.275	2012-01-01
0808040804008           	23	5006.239	2012-01-01
0808040804009           	23	3215.132	2012-01-01
0808040804010           	23	1629.7175	2012-01-01
0808040804011           	23	9335.275	2012-01-01
0808040804013           	23	5006.239	2012-01-01
0808040804014           	23	3215.132	2012-01-01
0808040804015           	23	1629.7175	2012-01-01
0808040804016           	23	9335.275	2012-01-01
0808040804018           	23	5006.239	2012-01-01
0808040804019           	23	3215.132	2012-01-01
0808040804020           	23	1629.7175	2012-01-01
0808040804021           	23	9335.275	2012-01-01
0808040804023           	23	5006.239	2012-01-01
0808040804024           	23	3215.132	2012-01-01
0808040804025           	23	1629.7175	2012-01-01
0808040804026           	23	9335.275	2012-01-01
0808040804028           	23	5006.239	2012-01-01
0808040804029           	23	3215.132	2012-01-01
0808040804030           	23	1629.7175	2012-01-01
0808050805003           	23	2816.405	2012-01-01
0808050805004           	23	1031.627	2012-01-01
0808050805005           	23	943.021	2012-01-01
0808050805006           	23	822.1371	2012-01-01
0808050805009           	23	2816.405	2012-01-01
0808050805010           	23	1031.627	2012-01-01
0808050805011           	23	943.021	2012-01-01
0808050805012           	23	822.1371	2012-01-01
0808050805015           	23	2816.405	2012-01-01
0808050805016           	23	1031.627	2012-01-01
0808050805017           	23	943.021	2012-01-01
0808050805018           	23	822.1371	2012-01-01
0808050805021           	23	2816.405	2012-01-01
0808050805022           	23	1031.627	2012-01-01
0808050805023           	23	943.021	2012-01-01
0808050805024           	23	822.1371	2012-01-01
0808050805027           	23	2816.405	2012-01-01
0808050805028           	23	1031.627	2012-01-01
0808050805029           	23	943.021	2012-01-01
0808050805030           	23	822.1371	2012-01-01
0808050805033           	23	2816.405	2012-01-01
0808050805034           	23	1031.627	2012-01-01
0808050805035           	23	943.021	2012-01-01
0808050805036           	23	822.1371	2012-01-01
0808050805039           	23	2816.405	2012-01-01
0808050805040           	23	1031.627	2012-01-01
0808050805041           	23	943.021	2012-01-01
0808050805042           	23	822.1371	2012-01-01
0808050805045           	23	2816.405	2012-01-01
0808050805046           	23	1031.627	2012-01-01
0808050805047           	23	943.021	2012-01-01
0808050805048           	23	822.1371	2012-01-01
0808050805051           	23	2816.405	2012-01-01
0808050805052           	23	1031.627	2012-01-01
0808050805053           	23	943.021	2012-01-01
0808050805054           	23	822.1371	2012-01-01
0808050805057           	23	2816.405	2012-01-01
0808050805058           	23	1031.627	2012-01-01
0808050805059           	23	943.021	2012-01-01
0808050805060           	23	822.1371	2012-01-01
0808050805063           	23	2816.405	2012-01-01
0808050805064           	23	1031.627	2012-01-01
0808050805065           	23	943.021	2012-01-01
0808050805066           	23	822.1371	2012-01-01
0808050805069           	23	2816.405	2012-01-01
0808050805070           	23	1031.627	2012-01-01
0808050805071           	23	943.021	2012-01-01
0808050805072           	23	822.1371	2012-01-01
0808050805073           	23	2816.405	2012-01-01
0808050805074           	23	1031.627	2012-01-01
0808060806004           	23	1455.6067	2012-01-01
0808060806005           	23	759.4167	2012-01-01
0808060806006           	23	645.4947	2012-01-01
0808060806007           	23	506.0036	2012-01-01
0808060806008           	23	189.8067	2012-01-01
0808060806009           	23	4025.1807	2012-01-01
0808060806012           	23	1455.6067	2012-01-01
0808060806013           	23	759.4167	2012-01-01
0808060806014           	23	645.4947	2012-01-01
0808060806015           	23	506.0036	2012-01-01
0808060806016           	23	189.8067	2012-01-01
0808060806017           	23	4025.1807	2012-01-01
0808060806020           	23	1455.6067	2012-01-01
0808060806021           	23	759.4167	2012-01-01
0808060806022           	23	645.4947	2012-01-01
0808060806023           	23	506.0036	2012-01-01
0808060806024           	23	189.8067	2012-01-01
0808060806025           	23	4025.1807	2012-01-01
0808060806028           	23	1455.6067	2012-01-01
0808060806029           	23	759.4167	2012-01-01
0808060806030           	23	645.4947	2012-01-01
0808060806031           	23	506.0036	2012-01-01
0808060806032           	23	189.8067	2012-01-01
0808060806033           	23	4025.1807	2012-01-01
0808060806036           	23	1455.6067	2012-01-01
0808060806037           	23	759.4167	2012-01-01
0808060806038           	23	645.4947	2012-01-01
0808060806039           	23	506.0036	2012-01-01
0808060806040           	23	189.8067	2012-01-01
0808060806041           	23	4025.1807	2012-01-01
0808060806044           	23	1455.6067	2012-01-01
0808060806045           	23	759.4167	2012-01-01
0808060806046           	23	645.4947	2012-01-01
0808060806047           	23	506.0036	2012-01-01
0808060806048           	23	189.8067	2012-01-01
0808060806049           	23	4025.1807	2012-01-01
0808060806052           	23	1455.6067	2012-01-01
0808060806053           	23	759.4167	2012-01-01
0808060806054           	23	645.4947	2012-01-01
0808060806055           	23	506.0036	2012-01-01
0808060806056           	23	189.8067	2012-01-01
0808060806057           	23	4025.1807	2012-01-01
0808060806060           	23	1455.6067	2012-01-01
0808060806061           	23	759.4167	2012-01-01
0808060806062           	23	645.4947	2012-01-01
0808060806063           	23	506.0036	2012-01-01
0808060806064           	23	189.8067	2012-01-01
0808060806065           	23	4025.1807	2012-01-01
0808060806068           	23	1455.6067	2012-01-01
0808060806069           	23	759.4167	2012-01-01
0808060806070           	23	645.4947	2012-01-01
0808060806071           	23	506.0036	2012-01-01
0808060806072           	23	189.8067	2012-01-01
0808060806073           	23	4025.1807	2012-01-01
0808060806076           	23	1455.6067	2012-01-01
0808060806077           	23	759.4167	2012-01-01
0808060806078           	23	645.4947	2012-01-01
0808060806079           	23	506.0036	2012-01-01
0808060806080           	23	189.8067	2012-01-01
0808060806084           	23	1455.6067	2012-01-01
0808060806085           	23	759.4167	2012-01-01
0808060806086           	23	645.4947	2012-01-01
0808060806087           	23	506.0036	2012-01-01
0808060806088           	23	189.8067	2012-01-01
0808060806092           	23	1455.6067	2012-01-01
0808060806093           	23	759.4167	2012-01-01
0808060806094           	23	645.4947	2012-01-01
0808060806095           	23	506.0036	2012-01-01
0808060806096           	23	189.8067	2012-01-01
0808060806100           	23	1455.6067	2012-01-01
0808060806101           	23	759.4167	2012-01-01
0808060806102           	23	645.4947	2012-01-01
0808060806103           	23	506.0036	2012-01-01
0808060806104           	23	189.8067	2012-01-01
0808060806108           	23	1455.6067	2012-01-01
0808060806109           	23	759.4167	2012-01-01
0808060806110           	23	645.4947	2012-01-01
0808060806111           	23	506.0036	2012-01-01
0808060806112           	23	189.8067	2012-01-01
0808060806116           	23	1455.6067	2012-01-01
0808060806117           	23	759.4167	2012-01-01
0808060806118           	23	645.4947	2012-01-01
0808060806119           	23	506.0036	2012-01-01
0808060806120           	23	189.8067	2012-01-01
0808060806124           	23	1455.6067	2012-01-01
0808060806125           	23	759.4167	2012-01-01
0808060806126           	23	645.4947	2012-01-01
0808060806127           	23	506.0036	2012-01-01
0808060806128           	23	189.8067	2012-01-01
0808060806132           	23	1455.6067	2012-01-01
0808060806133           	23	759.4167	2012-01-01
0808060806134           	23	645.4947	2012-01-01
0808060806135           	23	506.0036	2012-01-01
0808060806136           	23	189.8067	2012-01-01
0808060806140           	23	1455.6067	2012-01-01
0808060806141           	23	759.4167	2012-01-01
0808060806142           	23	645.4947	2012-01-01
0808060806143           	23	506.0036	2012-01-01
0808060806144           	23	189.8067	2012-01-01
0808060806148           	23	1455.6067	2012-01-01
0808060806149           	23	759.4167	2012-01-01
0808060806150           	23	645.4947	2012-01-01
0808060806151           	23	506.0036	2012-01-01
0808060806152           	23	189.8067	2012-01-01
0808060806156           	23	1455.6067	2012-01-01
0808060806157           	23	759.4167	2012-01-01
0808060806158           	23	645.4947	2012-01-01
0808070807001           	23	4025.1807	2012-01-01
0808070807004           	23	2531.5367	2012-01-01
0808070807005           	23	1898.6367	2012-01-01
0808070807006           	23	1265.7367	2012-01-01
0808070807007           	23	696.1267	2012-01-01
0808070807008           	23	4025.1807	2012-01-01
0808070807011           	23	2531.5367	2012-01-01
0808070807012           	23	1898.6367	2012-01-01
0808070807013           	23	1265.7367	2012-01-01
0808070807014           	23	696.1267	2012-01-01
0808070807015           	23	4025.1807	2012-01-01
0808070807018           	23	2531.5367	2012-01-01
0808070807019           	23	1898.6367	2012-01-01
0808070807020           	23	1265.7367	2012-01-01
0808070807021           	23	696.1267	2012-01-01
0808070807022           	23	4025.1807	2012-01-01
0808070807025           	23	2531.5367	2012-01-01
0808070807026           	23	1898.6367	2012-01-01
0808070807027           	23	1265.7367	2012-01-01
0808070807028           	23	696.1267	2012-01-01
0808070807029           	23	4025.1807	2012-01-01
0808070807032           	23	2531.5367	2012-01-01
0808070807033           	23	1898.6367	2012-01-01
0808070807034           	23	1265.7367	2012-01-01
0808070807035           	23	696.1267	2012-01-01
0808070807039           	23	2531.5367	2012-01-01
0808070807040           	23	1898.6367	2012-01-01
0808070807041           	23	1265.7367	2012-01-01
0808070807042           	23	696.1267	2012-01-01
0808070807046           	23	2531.5367	2012-01-01
0808070807047           	23	1898.6367	2012-01-01
0808070807048           	23	1265.7367	2012-01-01
0808070807049           	23	696.1267	2012-01-01
0808070807053           	23	2531.5367	2012-01-01
0808070807054           	23	1898.6367	2012-01-01
0808070807055           	23	1265.7367	2012-01-01
0808070807056           	23	696.1267	2012-01-01
0808070807060           	23	2531.5367	2012-01-01
0808070807061           	23	1898.6367	2012-01-01
0808070807062           	23	1265.7367	2012-01-01
0808080808001           	23	189.8067	2012-01-01
0808080808002           	23	189.8067	2012-01-01
0808080808003           	23	189.8067	2012-01-01
0808080808004           	23	233.0971	2012-01-01
0808080808005           	23	233.0971	2012-01-01
0808080808006           	23	233.0971	2012-01-01
0808080808007           	23	468.2827	2012-01-01
0808080808008           	23	468.2827	2012-01-01
0808080808009           	23	468.2827	2012-01-01
0808080808018           	23	208.1608	2012-01-01
0808080808019           	23	208.1608	2012-01-01
0808080808020           	23	208.1608	2012-01-01
0808080808021           	23	208.1608	2012-01-01
0808080808026           	23	284.7417	2012-01-01
0808080808027           	23	284.7417	2012-01-01
0808080808028           	23	284.7417	2012-01-01
0808080808029           	23	284.7417	2012-01-01
0808080808030           	23	63.2267	2012-01-01
0808080808031           	23	63.2267	2012-01-01
0808080808032           	23	63.2267	2012-01-01
0808080808033           	23	63.2267	2012-01-01
0808080808034           	23	31.5817	2012-01-01
0808080808035           	23	31.5817	2012-01-01
0808080808036           	23	31.5817	2012-01-01
0808080808037           	23	31.5817	2012-01-01
0808080808038           	23	94.8717	2012-01-01
0808080808039           	23	94.8717	2012-01-01
0808080808040           	23	94.8717	2012-01-01
0808080808041           	23	94.8717	2012-01-01
0808080808054           	23	189.87	2012-01-01
0808080808055           	23	189.87	2012-01-01
0808080808056           	23	189.87	2012-01-01
0808080808057           	23	189.87	2012-01-01
0808080808058           	23	196.1357	2012-01-01
0808080808059           	23	196.1357	2012-01-01
0808080808060           	23	196.1357	2012-01-01
0808080808061           	23	196.1357	2012-01-01
0808080808062           	23	196.1357	2012-01-01
0505050505001           	23	94.8717	2012-01-01
0505050505002           	23	94.8717	2012-01-01
0505050505003           	23	94.8717	2012-01-01
0505050505004           	23	158.1617	2012-01-01
0505050505005           	23	158.1617	2012-01-01
0505050505006           	23	158.1617	2012-01-01
0505050505007           	23	18.6073	2012-01-01
0505050505015           	23	63.2267	2012-01-01
0505050505016           	23	63.2267	2012-01-01
0505050505017           	23	63.2267	2012-01-01
0505050505018           	23	63.2267	2012-01-01
0505050505019           	23	29.9995	2012-01-01
0505050505020           	23	29.9995	2012-01-01
0505050505021           	23	29.9995	2012-01-01
0505050505022           	23	25.6957	2012-01-01
0505050505023           	23	25.6957	2012-01-01
0505050505024           	23	25.6957	2012-01-01
0505050505028           	23	21.2022	2012-01-01
0505050505029           	23	21.2022	2012-01-01
0505050505030           	23	21.2022	2012-01-01
